(kicad_pcb (version 20171130) (host pcbnew "(5.0.1)-3")

  (general
    (thickness 1.6)
    (drawings 18)
    (tracks 82)
    (zones 0)
    (modules 10)
    (nets 15)
  )

  (page A4)
  (layers
    (0 F.Cu mixed)
    (31 B.Cu mixed)
    (32 B.Adhes user)
    (33 F.Adhes user)
    (34 B.Paste user)
    (35 F.Paste user)
    (36 B.SilkS user)
    (37 F.SilkS user)
    (38 B.Mask user)
    (39 F.Mask user)
    (40 Dwgs.User user)
    (41 Cmts.User user)
    (42 Eco1.User user)
    (43 Eco2.User user)
    (44 Edge.Cuts user)
    (45 Margin user)
    (46 B.CrtYd user)
    (47 F.CrtYd user)
    (48 B.Fab user)
    (49 F.Fab user)
  )

  (setup
    (last_trace_width 0.25)
    (trace_clearance 0.1524)
    (zone_clearance 0.508)
    (zone_45_only no)
    (trace_min 0.1524)
    (segment_width 0.2)
    (edge_width 0.15)
    (via_size 0.6858)
    (via_drill 0.3302)
    (via_min_size 0.508)
    (via_min_drill 0.254)
    (uvia_size 0.3)
    (uvia_drill 0.1)
    (uvias_allowed no)
    (uvia_min_size 0.2)
    (uvia_min_drill 0.1)
    (pcb_text_width 0.3)
    (pcb_text_size 1.5 1.5)
    (mod_edge_width 0.15)
    (mod_text_size 1 1)
    (mod_text_width 0.15)
    (pad_size 2.1 2.1)
    (pad_drill 1.1)
    (pad_to_mask_clearance 0.0508)
    (solder_mask_min_width 0.25)
    (aux_axis_origin 0 0)
    (visible_elements 7FFFFFFF)
    (pcbplotparams
      (layerselection 0x010fc_ffffffff)
      (usegerberextensions false)
      (usegerberattributes false)
      (usegerberadvancedattributes false)
      (creategerberjobfile false)
      (excludeedgelayer true)
      (linewidth 0.100000)
      (plotframeref false)
      (viasonmask false)
      (mode 1)
      (useauxorigin false)
      (hpglpennumber 1)
      (hpglpenspeed 20)
      (hpglpendiameter 15.000000)
      (psnegative false)
      (psa4output false)
      (plotreference true)
      (plotvalue true)
      (plotinvisibletext false)
      (padsonsilk false)
      (subtractmaskfromsilk false)
      (outputformat 1)
      (mirror false)
      (drillshape 1)
      (scaleselection 1)
      (outputdirectory ""))
  )

  (net 0 "")
  (net 1 GND)
  (net 2 +3V3)
  (net 3 "Net-(U1-Pad2)")
  (net 4 "Net-(U1-Pad5)")
  (net 5 "Net-(U1-Pad9)")
  (net 6 "Net-(J2-Pad1)")
  (net 7 "Net-(J2-Pad2)")
  (net 8 "Net-(J3-Pad1)")
  (net 9 "Net-(J3-Pad2)")
  (net 10 "Net-(J3-Pad3)")
  (net 11 "Net-(J3-Pad4)")
  (net 12 "Net-(J3-Pad5)")
  (net 13 "Net-(J3-Pad6)")
  (net 14 "Net-(AE1-Pad1)")

  (net_class Default "This is the default net class."
    (clearance 0.1524)
    (trace_width 0.25)
    (via_dia 0.6858)
    (via_drill 0.3302)
    (uvia_dia 0.3)
    (uvia_drill 0.1)
    (diff_pair_gap 1)
    (diff_pair_width 0.2)
    (add_net +3V3)
    (add_net GND)
    (add_net "Net-(AE1-Pad1)")
    (add_net "Net-(J2-Pad1)")
    (add_net "Net-(J2-Pad2)")
    (add_net "Net-(J3-Pad1)")
    (add_net "Net-(J3-Pad2)")
    (add_net "Net-(J3-Pad3)")
    (add_net "Net-(J3-Pad4)")
    (add_net "Net-(J3-Pad5)")
    (add_net "Net-(J3-Pad6)")
    (add_net "Net-(U1-Pad2)")
    (add_net "Net-(U1-Pad5)")
    (add_net "Net-(U1-Pad9)")
  )

  (module Connector_Molex:Molex_Micro-Fit_3.0_43650-0400_1x04_P3.00mm_Horizontal (layer F.Cu) (tedit 5B79A392) (tstamp 5C2AD9C3)
    (at 141.732 61.976)
    (descr "Molex Micro-Fit 3.0 Connector System, 43650-0400 (compatible alternatives: 43650-0401, 43650-0402), 4 Pins per row (https://www.molex.com/pdm_docs/sd/436500300_sd.pdf), generated with kicad-footprint-generator")
    (tags "connector Molex Micro-Fit_3.0 top entry")
    (path /5C28C9D6)
    (clearance 0.4)
    (fp_text reference J1 (at 4.5 -10.12) (layer F.SilkS)
      (effects (font (size 1 1) (thickness 0.15)))
    )
    (fp_text value Conn_01x04_Female (at 4.5 3.22) (layer F.Fab)
      (effects (font (size 1 1) (thickness 0.15)))
    )
    (fp_line (start -3.325 0.98) (end -3.325 -7.92) (layer F.Fab) (width 0.1))
    (fp_line (start -3.325 -7.92) (end -2.325 -8.92) (layer F.Fab) (width 0.1))
    (fp_line (start -2.325 -8.92) (end 11.325 -8.92) (layer F.Fab) (width 0.1))
    (fp_line (start 11.325 -8.92) (end 12.325 -7.92) (layer F.Fab) (width 0.1))
    (fp_line (start 12.325 -7.92) (end 12.325 0.98) (layer F.Fab) (width 0.1))
    (fp_line (start 12.325 0.98) (end -3.325 0.98) (layer F.Fab) (width 0.1))
    (fp_line (start -0.75 0.98) (end 0 0) (layer F.Fab) (width 0.1))
    (fp_line (start 0 0) (end 0.75 0.98) (layer F.Fab) (width 0.1))
    (fp_line (start -3.435 1.09) (end -3.435 -8.03) (layer F.SilkS) (width 0.12))
    (fp_line (start -3.435 -8.03) (end -2.435 -9.03) (layer F.SilkS) (width 0.12))
    (fp_line (start -2.435 -9.03) (end 11.435 -9.03) (layer F.SilkS) (width 0.12))
    (fp_line (start 11.435 -9.03) (end 12.435 -8.03) (layer F.SilkS) (width 0.12))
    (fp_line (start 12.435 -8.03) (end 12.435 1.09) (layer F.SilkS) (width 0.12))
    (fp_line (start -3.435 1.09) (end -1.01 1.09) (layer F.SilkS) (width 0.12))
    (fp_line (start 12.435 1.09) (end 9.651767 1.09) (layer F.SilkS) (width 0.12))
    (fp_line (start 1.01 1.09) (end 2.348233 1.09) (layer F.SilkS) (width 0.12))
    (fp_line (start 3.651767 1.09) (end 5.348233 1.09) (layer F.SilkS) (width 0.12))
    (fp_line (start 6.651767 1.09) (end 8.348233 1.09) (layer F.SilkS) (width 0.12))
    (fp_line (start -3.82 1.48) (end -3.82 -9.42) (layer F.CrtYd) (width 0.05))
    (fp_line (start -3.82 -9.42) (end 12.82 -9.42) (layer F.CrtYd) (width 0.05))
    (fp_line (start 12.82 -9.42) (end 12.82 1.48) (layer F.CrtYd) (width 0.05))
    (fp_line (start 12.82 1.48) (end -3.82 1.48) (layer F.CrtYd) (width 0.05))
    (fp_text user %R (at 4.5 -8.22) (layer F.Fab)
      (effects (font (size 1 1) (thickness 0.15)))
    )
    (pad "" np_thru_hole circle (at 2.15 -4.32) (size 3 3) (drill 3) (layers *.Cu *.Mask))
    (pad "" np_thru_hole circle (at 6.85 -4.32) (size 3 3) (drill 3) (layers *.Cu *.Mask))
    (pad 1 thru_hole roundrect (at 0 0) (size 1.5 2.02) (drill 1.02) (layers *.Cu *.Mask) (roundrect_rratio 0.166667))
    (pad 2 thru_hole oval (at 3 0) (size 1.5 2.02) (drill 1.02) (layers *.Cu *.Mask))
    (pad 3 thru_hole oval (at 6 0) (size 1.5 2.02) (drill 1.02) (layers *.Cu *.Mask)
      (net 2 +3V3))
    (pad 4 thru_hole oval (at 9 0) (size 1.5 2.02) (drill 1.02) (layers *.Cu *.Mask)
      (net 1 GND))
    (model ${KISYS3DMOD}/Connector_Molex.3dshapes/Molex_Micro-Fit_3.0_43650-0400_1x04_P3.00mm_Horizontal.wrl
      (at (xyz 0 0 0))
      (scale (xyz 1 1 1))
      (rotate (xyz 0 0 0))
    )
  )

  (module Adafruit:FGPMMOPA6H (layer F.Cu) (tedit 50BDFD05) (tstamp 5C2ADC6D)
    (at 114.046 87.376 90)
    (path /5C28D6BC)
    (fp_text reference U1 (at -1.00076 8.99922 90) (layer F.SilkS)
      (effects (font (size 1.524 1.524) (thickness 0.3048)))
    )
    (fp_text value FGPMMOPA6H_GPS (at 0 -8.99922 90) (layer F.SilkS)
      (effects (font (size 1.524 1.524) (thickness 0.3048)))
    )
    (fp_text user 1 (at -5.3848 -6.5024 90) (layer F.SilkS)
      (effects (font (size 1.524 1.524) (thickness 0.3048)))
    )
    (fp_line (start -8.001 0) (end -8.001 -8.001) (layer F.SilkS) (width 0.381))
    (fp_line (start -8.001 -8.001) (end 8.001 -8.001) (layer F.SilkS) (width 0.381))
    (fp_line (start 8.001 -8.001) (end 8.001 5.99948) (layer F.SilkS) (width 0.381))
    (fp_line (start 8.001 5.99948) (end 8.001 8.001) (layer F.SilkS) (width 0.381))
    (fp_line (start 8.001 8.001) (end -8.001 8.001) (layer F.SilkS) (width 0.381))
    (fp_line (start -8.001 8.001) (end -8.001 0) (layer F.SilkS) (width 0.381))
    (pad 1 smd rect (at -8.001 -6.74878 90) (size 1.99898 1.00076) (layers F.Cu F.Paste F.Mask)
      (net 2 +3V3))
    (pad 2 smd rect (at -8.001 -5.25018 90) (size 1.99898 1.00076) (layers F.Cu F.Paste F.Mask)
      (net 3 "Net-(U1-Pad2)"))
    (pad 3 smd rect (at -8.001 -3.74904 90) (size 1.99898 1.00076) (layers F.Cu F.Paste F.Mask)
      (net 1 GND))
    (pad 4 smd rect (at -8.001 -2.25044 90) (size 1.99898 1.00076) (layers F.Cu F.Paste F.Mask))
    (pad 5 smd rect (at -8.001 -0.7493 90) (size 1.99898 1.00076) (layers F.Cu F.Paste F.Mask)
      (net 4 "Net-(U1-Pad5)"))
    (pad 6 smd rect (at -8.001 0.7493 90) (size 1.99898 1.00076) (layers F.Cu F.Paste F.Mask))
    (pad 7 smd rect (at -8.001 2.25044 90) (size 1.99898 1.00076) (layers F.Cu F.Paste F.Mask))
    (pad 8 smd rect (at -8.001 3.74904 90) (size 1.99898 1.00076) (layers F.Cu F.Paste F.Mask)
      (net 1 GND))
    (pad 9 smd rect (at -8.001 5.25018 90) (size 1.99898 1.00076) (layers F.Cu F.Paste F.Mask)
      (net 5 "Net-(U1-Pad9)"))
    (pad 10 smd rect (at -8.001 6.74878 90) (size 1.99898 1.00076) (layers F.Cu F.Paste F.Mask))
    (pad 11 smd rect (at 8.001 6.74878 90) (size 1.99898 1.00076) (layers F.Cu F.Paste F.Mask)
      (net 14 "Net-(AE1-Pad1)"))
    (pad 12 smd rect (at 8.001 5.25018 90) (size 1.99898 1.00076) (layers F.Cu F.Paste F.Mask)
      (net 1 GND))
    (pad 13 smd rect (at 8.001 3.74904 90) (size 1.99898 1.00076) (layers F.Cu F.Paste F.Mask))
    (pad 14 smd rect (at 8.001 2.25044 90) (size 1.99898 1.00076) (layers F.Cu F.Paste F.Mask))
    (pad 15 smd rect (at 8.001 0.7493 90) (size 1.99898 1.00076) (layers F.Cu F.Paste F.Mask))
    (pad 16 smd rect (at 8.001 -0.7493 90) (size 1.99898 1.00076) (layers F.Cu F.Paste F.Mask))
    (pad 17 smd rect (at 8.001 -2.25044 90) (size 1.99898 1.00076) (layers F.Cu F.Paste F.Mask))
    (pad 18 smd rect (at 8.001 -3.74904 90) (size 1.99898 1.00076) (layers F.Cu F.Paste F.Mask))
    (pad 19 smd rect (at 8.001 -5.25018 90) (size 1.99898 1.00076) (layers F.Cu F.Paste F.Mask)
      (net 1 GND))
    (pad 20 smd rect (at 8.001 -6.74878 90) (size 1.99898 1.00076) (layers F.Cu F.Paste F.Mask))
  )

  (module Adafruit:AdafruitFeather (layer F.Cu) (tedit 5BDA05D9) (tstamp 5C2AE9F3)
    (at 176.022 111.252)
    (path /5C28C654)
    (clearance 0.37)
    (fp_text reference U2 (at -2.54 -2.04) (layer F.SilkS)
      (effects (font (size 1 1) (thickness 0.15)))
    )
    (fp_text value Feather32u4RFM95 (at 0 -0.5) (layer F.Fab)
      (effects (font (size 1 1) (thickness 0.15)))
    )
    (fp_text user %R (at -10.052293 3.861901 270) (layer F.Fab)
      (effects (font (size 1 1) (thickness 0.15)))
    )
    (fp_line (start -11.322293 24.181901) (end -11.322293 -16.458099) (layer F.Fab) (width 0.1))
    (fp_line (start -8.782293 -16.458099) (end -8.782293 23.546901) (layer F.Fab) (width 0.1))
    (fp_line (start -8.252293 -16.988099) (end -11.852293 -16.988099) (layer F.CrtYd) (width 0.05))
    (fp_line (start -11.852293 24.711901) (end -8.252293 24.711901) (layer F.CrtYd) (width 0.05))
    (fp_line (start -8.252293 24.711901) (end -8.252293 -16.988099) (layer F.CrtYd) (width 0.05))
    (fp_line (start -9.417293 24.181901) (end -11.322293 24.181901) (layer F.Fab) (width 0.1))
    (fp_line (start -8.722293 21.641901) (end -11.382293 21.641901) (layer F.SilkS) (width 0.12))
    (fp_line (start -11.382293 21.641901) (end -11.382293 -16.518099) (layer F.SilkS) (width 0.12))
    (fp_line (start -8.782293 23.546901) (end -9.417293 24.181901) (layer F.Fab) (width 0.1))
    (fp_line (start -8.722293 22.911901) (end -8.722293 24.241901) (layer F.SilkS) (width 0.12))
    (fp_line (start -8.722293 21.641901) (end -8.722293 -16.518099) (layer F.SilkS) (width 0.12))
    (fp_line (start -8.722293 -16.518099) (end -11.382293 -16.518099) (layer F.SilkS) (width 0.12))
    (fp_line (start -11.852293 -16.988099) (end -11.852293 24.711901) (layer F.CrtYd) (width 0.05))
    (fp_line (start -8.722293 24.241901) (end -10.052293 24.241901) (layer F.SilkS) (width 0.12))
    (fp_line (start -11.322293 -16.458099) (end -8.782293 -16.458099) (layer F.Fab) (width 0.1))
    (fp_text user %R (at 10.093081 9.0424 270) (layer F.Fab)
      (effects (font (size 1 1) (thickness 0.15)))
    )
    (fp_line (start 11.423081 24.20647) (end 10.093081 24.20647) (layer F.SilkS) (width 0.12))
    (fp_line (start 10.728081 24.14647) (end 8.823081 24.14647) (layer F.Fab) (width 0.1))
    (fp_line (start 8.293081 -6.87353) (end 8.293081 24.67647) (layer F.CrtYd) (width 0.05))
    (fp_line (start 11.363081 -6.33353) (end 11.363081 23.51147) (layer F.Fab) (width 0.1))
    (fp_line (start 8.293081 24.67647) (end 11.893081 24.67647) (layer F.CrtYd) (width 0.05))
    (fp_line (start 11.893081 -6.87353) (end 8.293081 -6.87353) (layer F.CrtYd) (width 0.05))
    (fp_line (start 11.423081 22.87647) (end 11.423081 24.20647) (layer F.SilkS) (width 0.12))
    (fp_line (start 8.763081 21.60647) (end 8.763081 -6.39353) (layer F.SilkS) (width 0.12))
    (fp_line (start 11.363081 23.51147) (end 10.728081 24.14647) (layer F.Fab) (width 0.1))
    (fp_line (start 8.823081 -6.33353) (end 11.363081 -6.33353) (layer F.Fab) (width 0.1))
    (fp_line (start 8.823081 24.14647) (end 8.823081 -6.33353) (layer F.Fab) (width 0.1))
    (fp_line (start 11.893081 24.67647) (end 11.893081 -6.87353) (layer F.CrtYd) (width 0.05))
    (fp_line (start 11.423081 21.60647) (end 8.763081 21.60647) (layer F.SilkS) (width 0.12))
    (fp_line (start 11.423081 21.60647) (end 11.423081 -6.39353) (layer F.SilkS) (width 0.12))
    (fp_line (start 11.423081 -6.39353) (end 8.763081 -6.39353) (layer F.SilkS) (width 0.12))
    (fp_line (start 0 -25.4) (end -11.43 -25.4) (layer F.SilkS) (width 0.15))
    (fp_line (start -11.43 -25.4) (end -11.43 25.4) (layer F.SilkS) (width 0.15))
    (fp_line (start -11.43 25.4) (end 11.43 25.4) (layer F.SilkS) (width 0.15))
    (fp_line (start 11.43 25.4) (end 11.43 -25.4) (layer F.SilkS) (width 0.15))
    (fp_line (start 11.43 -25.4) (end 0 -25.4) (layer F.SilkS) (width 0.15))
    (pad 5 thru_hole oval (at -10.052293 12.751901 180) (size 1.7 1.7) (drill 1) (layers *.Cu *.Mask))
    (pad 10 thru_hole oval (at -10.052293 0.051901 180) (size 1.7 1.7) (drill 1) (layers *.Cu *.Mask)
      (net 8 "Net-(J3-Pad1)"))
    (pad 15 thru_hole oval (at -10.052293 -12.648099 180) (size 1.7 1.7) (drill 1) (layers *.Cu *.Mask)
      (net 2 +3V3))
    (pad 3 thru_hole oval (at -10.052293 17.831901 180) (size 1.7 1.7) (drill 1) (layers *.Cu *.Mask)
      (net 5 "Net-(U1-Pad9)"))
    (pad 13 thru_hole oval (at -10.052293 -7.568099 180) (size 1.7 1.7) (drill 1) (layers *.Cu *.Mask)
      (net 1 GND))
    (pad 12 thru_hole oval (at -10.052293 -5.028099 180) (size 1.7 1.7) (drill 1) (layers *.Cu *.Mask)
      (net 10 "Net-(J3-Pad3)"))
    (pad 16 thru_hole oval (at -10.052293 -15.188099 180) (size 1.7 1.7) (drill 1) (layers *.Cu *.Mask))
    (pad 7 thru_hole oval (at -10.052293 7.671901 180) (size 1.7 1.7) (drill 1) (layers *.Cu *.Mask))
    (pad 11 thru_hole oval (at -10.052293 -2.488099) (size 1.7 1.7) (drill 1) (layers *.Cu *.Mask)
      (net 9 "Net-(J3-Pad2)"))
    (pad 14 thru_hole oval (at -10.052293 -10.108099 180) (size 1.7 1.7) (drill 1) (layers *.Cu *.Mask))
    (pad 9 thru_hole oval (at -10.052293 2.591901 180) (size 1.7 1.7) (drill 1) (layers *.Cu *.Mask))
    (pad 8 thru_hole oval (at -10.052293 5.131901 180) (size 1.7 1.7) (drill 1) (layers *.Cu *.Mask))
    (pad 1 thru_hole rect (at -10.052293 22.911901 180) (size 1.7 1.7) (drill 1) (layers *.Cu *.Mask))
    (pad 4 thru_hole oval (at -10.052293 15.291901 180) (size 1.7 1.7) (drill 1) (layers *.Cu *.Mask))
    (pad 6 thru_hole oval (at -10.052293 10.211901 180) (size 1.7 1.7) (drill 1) (layers *.Cu *.Mask))
    (pad 2 thru_hole oval (at -10.052293 20.371901 180) (size 1.7 1.7) (drill 1) (layers *.Cu *.Mask))
    (pad 17 thru_hole oval (at 10.093081 -5.06353 180) (size 1.7 1.7) (drill 1) (layers *.Cu *.Mask))
    (pad 20 thru_hole oval (at 10.093081 2.55647 180) (size 1.7 1.7) (drill 1) (layers *.Cu *.Mask))
    (pad 19 thru_hole oval (at 10.093081 0.01647 180) (size 1.7 1.7) (drill 1) (layers *.Cu *.Mask))
    (pad 18 thru_hole oval (at 10.093081 -2.52353 180) (size 1.7 1.7) (drill 1) (layers *.Cu *.Mask))
    (pad 23 thru_hole oval (at 10.093081 10.17647 180) (size 1.7 1.7) (drill 1) (layers *.Cu *.Mask)
      (net 13 "Net-(J3-Pad6)"))
    (pad 22 thru_hole oval (at 10.093081 7.63647 180) (size 1.7 1.7) (drill 1) (layers *.Cu *.Mask)
      (net 4 "Net-(U1-Pad5)"))
    (pad 25 thru_hole oval (at 10.093081 15.25647 180) (size 1.7 1.7) (drill 1) (layers *.Cu *.Mask)
      (net 11 "Net-(J3-Pad4)"))
    (pad 21 thru_hole oval (at 10.093081 5.09647 180) (size 1.7 1.7) (drill 1) (layers *.Cu *.Mask)
      (net 3 "Net-(U1-Pad2)"))
    (pad 26 thru_hole oval (at 10.093081 17.79647 180) (size 1.7 1.7) (drill 1) (layers *.Cu *.Mask))
    (pad 24 thru_hole oval (at 10.093081 12.71647 180) (size 1.7 1.7) (drill 1) (layers *.Cu *.Mask)
      (net 12 "Net-(J3-Pad5)"))
    (pad 27 thru_hole oval (at 10.093081 20.33647 180) (size 1.7 1.7) (drill 1) (layers *.Cu *.Mask)
      (net 7 "Net-(J2-Pad2)"))
    (pad 28 thru_hole rect (at 10.093081 22.87647 180) (size 1.7 1.7) (drill 1) (layers *.Cu *.Mask)
      (net 6 "Net-(J2-Pad1)"))
  )

  (module Connector_PinHeader_2.54mm:PinHeader_1x02_P2.54mm_Vertical (layer F.Cu) (tedit 59FED5CC) (tstamp 5C2C5803)
    (at 195.58 134.112 180)
    (descr "Through hole straight pin header, 1x02, 2.54mm pitch, single row")
    (tags "Through hole pin header THT 1x02 2.54mm single row")
    (path /5C299331)
    (clearance 0.37)
    (fp_text reference J2 (at 0 -2.33 180) (layer F.SilkS)
      (effects (font (size 1 1) (thickness 0.15)))
    )
    (fp_text value Conn_01x02_Male (at 0 4.87 180) (layer F.Fab)
      (effects (font (size 1 1) (thickness 0.15)))
    )
    (fp_line (start -0.635 -1.27) (end 1.27 -1.27) (layer F.Fab) (width 0.1))
    (fp_line (start 1.27 -1.27) (end 1.27 3.81) (layer F.Fab) (width 0.1))
    (fp_line (start 1.27 3.81) (end -1.27 3.81) (layer F.Fab) (width 0.1))
    (fp_line (start -1.27 3.81) (end -1.27 -0.635) (layer F.Fab) (width 0.1))
    (fp_line (start -1.27 -0.635) (end -0.635 -1.27) (layer F.Fab) (width 0.1))
    (fp_line (start -1.33 3.87) (end 1.33 3.87) (layer F.SilkS) (width 0.12))
    (fp_line (start -1.33 1.27) (end -1.33 3.87) (layer F.SilkS) (width 0.12))
    (fp_line (start 1.33 1.27) (end 1.33 3.87) (layer F.SilkS) (width 0.12))
    (fp_line (start -1.33 1.27) (end 1.33 1.27) (layer F.SilkS) (width 0.12))
    (fp_line (start -1.33 0) (end -1.33 -1.33) (layer F.SilkS) (width 0.12))
    (fp_line (start -1.33 -1.33) (end 0 -1.33) (layer F.SilkS) (width 0.12))
    (fp_line (start -1.8 -1.8) (end -1.8 4.35) (layer F.CrtYd) (width 0.05))
    (fp_line (start -1.8 4.35) (end 1.8 4.35) (layer F.CrtYd) (width 0.05))
    (fp_line (start 1.8 4.35) (end 1.8 -1.8) (layer F.CrtYd) (width 0.05))
    (fp_line (start 1.8 -1.8) (end -1.8 -1.8) (layer F.CrtYd) (width 0.05))
    (fp_text user %R (at 0 1.27 270) (layer F.Fab)
      (effects (font (size 1 1) (thickness 0.15)))
    )
    (pad 1 thru_hole rect (at 0 0 180) (size 1.7 1.7) (drill 1) (layers *.Cu *.Mask)
      (net 6 "Net-(J2-Pad1)"))
    (pad 2 thru_hole oval (at 0 2.54 180) (size 1.7 1.7) (drill 1) (layers *.Cu *.Mask)
      (net 7 "Net-(J2-Pad2)"))
    (model ${KISYS3DMOD}/Connector_PinHeader_2.54mm.3dshapes/PinHeader_1x02_P2.54mm_Vertical.wrl
      (at (xyz 0 0 0))
      (scale (xyz 1 1 1))
      (rotate (xyz 0 0 0))
    )
  )

  (module Connector_Coaxial:SMA_Amphenol_132289_EdgeMount (layer F.Cu) (tedit 5A1C1810) (tstamp 5C2904CF)
    (at 119.634 68.58 90)
    (descr http://www.amphenolrf.com/132289.html)
    (tags SMA)
    (path /5C291743)
    (attr smd)
    (fp_text reference AE1 (at -3.96 -3 180) (layer F.SilkS)
      (effects (font (size 1 1) (thickness 0.15)))
    )
    (fp_text value Antenna_Shield (at 5 6 90) (layer F.Fab)
      (effects (font (size 1 1) (thickness 0.15)))
    )
    (fp_line (start -3.71 0.25) (end -3.21 0) (layer F.SilkS) (width 0.12))
    (fp_line (start -3.71 -0.25) (end -3.71 0.25) (layer F.SilkS) (width 0.12))
    (fp_line (start -3.21 0) (end -3.71 -0.25) (layer F.SilkS) (width 0.12))
    (fp_line (start 3.54 0) (end 2.54 0.75) (layer F.Fab) (width 0.1))
    (fp_line (start 2.54 -0.75) (end 3.54 0) (layer F.Fab) (width 0.1))
    (fp_text user %R (at 4.79 0) (layer F.Fab)
      (effects (font (size 1 1) (thickness 0.15)))
    )
    (fp_line (start 14.47 -5.58) (end -3.04 -5.58) (layer F.CrtYd) (width 0.05))
    (fp_line (start 14.47 -5.58) (end 14.47 5.58) (layer F.CrtYd) (width 0.05))
    (fp_line (start 14.47 5.58) (end -3.04 5.58) (layer F.CrtYd) (width 0.05))
    (fp_line (start -3.04 5.58) (end -3.04 -5.58) (layer F.CrtYd) (width 0.05))
    (fp_line (start 14.47 -5.58) (end -3.04 -5.58) (layer B.CrtYd) (width 0.05))
    (fp_line (start 14.47 -5.58) (end 14.47 5.58) (layer B.CrtYd) (width 0.05))
    (fp_line (start 14.47 5.58) (end -3.04 5.58) (layer B.CrtYd) (width 0.05))
    (fp_line (start -3.04 5.58) (end -3.04 -5.58) (layer B.CrtYd) (width 0.05))
    (fp_line (start 4.445 -3.81) (end 13.97 -3.81) (layer F.Fab) (width 0.1))
    (fp_line (start 13.97 -3.81) (end 13.97 3.81) (layer F.Fab) (width 0.1))
    (fp_line (start 13.97 3.81) (end 4.445 3.81) (layer F.Fab) (width 0.1))
    (fp_line (start 4.445 5.08) (end 4.445 3.81) (layer F.Fab) (width 0.1))
    (fp_line (start 4.445 -3.81) (end 4.445 -5.08) (layer F.Fab) (width 0.1))
    (fp_line (start -1.91 -5.08) (end 4.445 -5.08) (layer F.Fab) (width 0.1))
    (fp_line (start -1.91 -5.08) (end -1.91 -3.81) (layer F.Fab) (width 0.1))
    (fp_line (start -1.91 -3.81) (end 2.54 -3.81) (layer F.Fab) (width 0.1))
    (fp_line (start 2.54 -3.81) (end 2.54 3.81) (layer F.Fab) (width 0.1))
    (fp_line (start 2.54 3.81) (end -1.91 3.81) (layer F.Fab) (width 0.1))
    (fp_line (start -1.91 3.81) (end -1.91 5.08) (layer F.Fab) (width 0.1))
    (fp_line (start -1.91 5.08) (end 4.445 5.08) (layer F.Fab) (width 0.1))
    (pad 2 smd rect (at 0 4.25 180) (size 1.5 5.08) (layers B.Cu B.Paste B.Mask)
      (net 1 GND))
    (pad 2 smd rect (at 0 -4.25 180) (size 1.5 5.08) (layers B.Cu B.Paste B.Mask)
      (net 1 GND))
    (pad 2 smd rect (at 0 4.25 180) (size 1.5 5.08) (layers F.Cu F.Paste F.Mask)
      (net 1 GND))
    (pad 2 smd rect (at 0 -4.25 180) (size 1.5 5.08) (layers F.Cu F.Paste F.Mask)
      (net 1 GND))
    (pad 1 smd rect (at 0 0 180) (size 1.5 5.08) (layers F.Cu F.Paste F.Mask)
      (net 14 "Net-(AE1-Pad1)"))
    (model ${KISYS3DMOD}/Connector_Coaxial.3dshapes/SMA_Amphenol_132289_EdgeMount.wrl
      (at (xyz 0 0 0))
      (scale (xyz 1 1 1))
      (rotate (xyz 0 0 0))
    )
  )

  (module Connector_Coaxial:U.FL_Hirose_U.FL-R-SMT-1_Vertical (layer F.Cu) (tedit 5A1DBFC3) (tstamp 5C2904FC)
    (at 126.238 79.502)
    (descr "Hirose U.FL Coaxial https://www.hirose.com/product/en/products/U.FL/U.FL-R-SMT-1%2810%29/")
    (tags "Hirose U.FL Coaxial")
    (path /5C29327E)
    (attr smd)
    (fp_text reference AE2 (at 0.475 -3.2) (layer F.SilkS)
      (effects (font (size 1 1) (thickness 0.15)))
    )
    (fp_text value Antenna_Shield (at 0.475 3.2) (layer F.Fab)
      (effects (font (size 1 1) (thickness 0.15)))
    )
    (fp_text user %R (at 0.475 0 90) (layer F.Fab)
      (effects (font (size 0.6 0.6) (thickness 0.09)))
    )
    (fp_line (start -2.02 1) (end -2.02 -1) (layer F.CrtYd) (width 0.05))
    (fp_line (start -1.32 1) (end -2.02 1) (layer F.CrtYd) (width 0.05))
    (fp_line (start 2.08 1.8) (end 2.28 1.8) (layer F.CrtYd) (width 0.05))
    (fp_line (start 2.08 2.5) (end 2.08 1.8) (layer F.CrtYd) (width 0.05))
    (fp_line (start 2.28 1.8) (end 2.28 -1.8) (layer F.CrtYd) (width 0.05))
    (fp_line (start -1.32 1.8) (end -1.12 1.8) (layer F.CrtYd) (width 0.05))
    (fp_line (start -1.12 2.5) (end -1.12 1.8) (layer F.CrtYd) (width 0.05))
    (fp_line (start 2.08 2.5) (end -1.12 2.5) (layer F.CrtYd) (width 0.05))
    (fp_line (start 1.835 -1.35) (end 1.835 1.35) (layer F.SilkS) (width 0.12))
    (fp_line (start -0.885 -0.76) (end -1.515 -0.76) (layer F.SilkS) (width 0.12))
    (fp_line (start -0.885 1.4) (end -0.885 0.76) (layer F.SilkS) (width 0.12))
    (fp_line (start -0.925 -0.3) (end -1.075 -0.15) (layer F.Fab) (width 0.1))
    (fp_line (start 1.775 -1.3) (end 1.375 -1.3) (layer F.Fab) (width 0.1))
    (fp_line (start 1.375 -1.5) (end 1.375 -1.3) (layer F.Fab) (width 0.1))
    (fp_line (start -0.425 -1.5) (end 1.375 -1.5) (layer F.Fab) (width 0.1))
    (fp_line (start 1.775 -1.3) (end 1.775 1.3) (layer F.Fab) (width 0.1))
    (fp_line (start 1.775 1.3) (end 1.375 1.3) (layer F.Fab) (width 0.1))
    (fp_line (start 1.375 1.5) (end 1.375 1.3) (layer F.Fab) (width 0.1))
    (fp_line (start -0.425 1.5) (end 1.375 1.5) (layer F.Fab) (width 0.1))
    (fp_line (start -0.425 -1.3) (end -0.825 -1.3) (layer F.Fab) (width 0.1))
    (fp_line (start -0.425 -1.5) (end -0.425 -1.3) (layer F.Fab) (width 0.1))
    (fp_line (start -0.825 -0.3) (end -0.825 -1.3) (layer F.Fab) (width 0.1))
    (fp_line (start -0.925 -0.3) (end -0.825 -0.3) (layer F.Fab) (width 0.1))
    (fp_line (start -1.075 0.3) (end -1.075 -0.15) (layer F.Fab) (width 0.1))
    (fp_line (start -1.075 0.3) (end -0.825 0.3) (layer F.Fab) (width 0.1))
    (fp_line (start -0.825 0.3) (end -0.825 1.3) (layer F.Fab) (width 0.1))
    (fp_line (start -0.425 1.3) (end -0.825 1.3) (layer F.Fab) (width 0.1))
    (fp_line (start -0.425 1.5) (end -0.425 1.3) (layer F.Fab) (width 0.1))
    (fp_line (start -0.885 -1.4) (end -0.885 -0.76) (layer F.SilkS) (width 0.12))
    (fp_line (start 2.08 -1.8) (end 2.28 -1.8) (layer F.CrtYd) (width 0.05))
    (fp_line (start 2.08 -1.8) (end 2.08 -2.5) (layer F.CrtYd) (width 0.05))
    (fp_line (start -1.32 -1) (end -1.32 -1.8) (layer F.CrtYd) (width 0.05))
    (fp_line (start 2.08 -2.5) (end -1.12 -2.5) (layer F.CrtYd) (width 0.05))
    (fp_line (start -1.12 -1.8) (end -1.12 -2.5) (layer F.CrtYd) (width 0.05))
    (fp_line (start -1.32 -1.8) (end -1.12 -1.8) (layer F.CrtYd) (width 0.05))
    (fp_line (start -1.32 1.8) (end -1.32 1) (layer F.CrtYd) (width 0.05))
    (fp_line (start -1.32 -1) (end -2.02 -1) (layer F.CrtYd) (width 0.05))
    (pad 2 smd rect (at 0.475 1.475) (size 2.2 1.05) (layers F.Cu F.Paste F.Mask)
      (net 1 GND))
    (pad 1 smd rect (at -1.05 0) (size 1.05 1) (layers F.Cu F.Paste F.Mask)
      (net 14 "Net-(AE1-Pad1)"))
    (pad 2 smd rect (at 0.475 -1.475) (size 2.2 1.05) (layers F.Cu F.Paste F.Mask)
      (net 1 GND))
    (model ${KISYS3DMOD}/Connector_Coaxial.3dshapes/U.FL_Hirose_U.FL-R-SMT-1_Vertical.wrl
      (offset (xyz 0.4749999928262157 0 0))
      (scale (xyz 1 1 1))
      (rotate (xyz 0 0 0))
    )
  )

  (module TerminalBlock_TE-Connectivity:TerminalBlock_TE_282834-6_1x06_P2.54mm_Horizontal (layer F.Cu) (tedit 5B1EC513) (tstamp 5C30A10A)
    (at 192.532 76.962 90)
    (descr "Terminal Block TE 282834-6, 6 pins, pitch 2.54mm, size 15.7x6.5mm^2, drill diamater 1.1mm, pad diameter 2.1mm, see http://www.te.com/commerce/DocumentDelivery/DDEController?Action=showdoc&DocId=Customer+Drawing%7F282834%7FC1%7Fpdf%7FEnglish%7FENG_CD_282834_C1.pdf, script-generated using https://github.com/pointhi/kicad-footprint-generator/scripts/TerminalBlock_TE-Connectivity")
    (tags "THT Terminal Block TE 282834-6 pitch 2.54mm size 15.7x6.5mm^2 drill 1.1mm pad 2.1mm")
    (path /5C296A2F)
    (clearance 0.25)
    (fp_text reference J3 (at 6.35 -7.62 90) (layer F.SilkS)
      (effects (font (size 1 1) (thickness 0.15)))
    )
    (fp_text value Conn_01x06_Male (at 6.35 4.37 90) (layer F.Fab)
      (effects (font (size 1 1) (thickness 0.15)))
    )
    (fp_circle (center 0 0) (end 1.1 0) (layer F.Fab) (width 0.1))
    (fp_circle (center 2.54 0) (end 3.64 0) (layer F.Fab) (width 0.1))
    (fp_circle (center 5.08 0) (end 6.18 0) (layer F.Fab) (width 0.1))
    (fp_circle (center 7.62 0) (end 8.72 0) (layer F.Fab) (width 0.1))
    (fp_circle (center 10.16 0) (end 11.26 0) (layer F.Fab) (width 0.1))
    (fp_circle (center 12.7 0) (end 13.8 0) (layer F.Fab) (width 0.1))
    (fp_line (start -1.5 -3.25) (end 14.2 -3.25) (layer F.Fab) (width 0.1))
    (fp_line (start 14.2 -3.25) (end 14.2 3.25) (layer F.Fab) (width 0.1))
    (fp_line (start 14.2 3.25) (end -1.1 3.25) (layer F.Fab) (width 0.1))
    (fp_line (start -1.1 3.25) (end -1.5 2.85) (layer F.Fab) (width 0.1))
    (fp_line (start -1.5 2.85) (end -1.5 -3.25) (layer F.Fab) (width 0.1))
    (fp_line (start -1.5 2.85) (end 14.2 2.85) (layer F.Fab) (width 0.1))
    (fp_line (start -1.62 2.85) (end 14.32 2.85) (layer F.SilkS) (width 0.12))
    (fp_line (start -1.5 -2.25) (end 14.2 -2.25) (layer F.Fab) (width 0.1))
    (fp_line (start -1.62 -2.25) (end 14.32 -2.25) (layer F.SilkS) (width 0.12))
    (fp_line (start -1.62 -3.37) (end 14.32 -3.37) (layer F.SilkS) (width 0.12))
    (fp_line (start -1.62 3.37) (end 14.32 3.37) (layer F.SilkS) (width 0.12))
    (fp_line (start -1.62 -3.37) (end -1.62 3.37) (layer F.SilkS) (width 0.12))
    (fp_line (start 14.32 -3.37) (end 14.32 3.37) (layer F.SilkS) (width 0.12))
    (fp_line (start 0.835 -0.7) (end -0.701 0.835) (layer F.Fab) (width 0.1))
    (fp_line (start 0.701 -0.835) (end -0.835 0.7) (layer F.Fab) (width 0.1))
    (fp_line (start 3.375 -0.7) (end 1.84 0.835) (layer F.Fab) (width 0.1))
    (fp_line (start 3.241 -0.835) (end 1.706 0.7) (layer F.Fab) (width 0.1))
    (fp_line (start 5.915 -0.7) (end 4.38 0.835) (layer F.Fab) (width 0.1))
    (fp_line (start 5.781 -0.835) (end 4.246 0.7) (layer F.Fab) (width 0.1))
    (fp_line (start 8.455 -0.7) (end 6.92 0.835) (layer F.Fab) (width 0.1))
    (fp_line (start 8.321 -0.835) (end 6.786 0.7) (layer F.Fab) (width 0.1))
    (fp_line (start 10.995 -0.7) (end 9.46 0.835) (layer F.Fab) (width 0.1))
    (fp_line (start 10.861 -0.835) (end 9.326 0.7) (layer F.Fab) (width 0.1))
    (fp_line (start 13.535 -0.7) (end 12 0.835) (layer F.Fab) (width 0.1))
    (fp_line (start 13.401 -0.835) (end 11.866 0.7) (layer F.Fab) (width 0.1))
    (fp_line (start -1.86 2.97) (end -1.86 3.61) (layer F.SilkS) (width 0.12))
    (fp_line (start -1.86 3.61) (end -1.46 3.61) (layer F.SilkS) (width 0.12))
    (fp_line (start -2 -3.75) (end -2 3.75) (layer F.CrtYd) (width 0.05))
    (fp_line (start -2 3.75) (end 14.7 3.75) (layer F.CrtYd) (width 0.05))
    (fp_line (start 14.7 3.75) (end 14.7 -3.75) (layer F.CrtYd) (width 0.05))
    (fp_line (start 14.7 -3.75) (end -2 -3.75) (layer F.CrtYd) (width 0.05))
    (fp_text user %R (at 6.35 2 90) (layer F.Fab)
      (effects (font (size 1 1) (thickness 0.15)))
    )
    (pad 1 thru_hole rect (at 0 0 90) (size 2.1 2.1) (drill 1.1) (layers *.Cu *.Mask)
      (net 8 "Net-(J3-Pad1)"))
    (pad 2 thru_hole circle (at 2.54 0 90) (size 2.1 2.1) (drill 1.1) (layers *.Cu *.Mask)
      (net 9 "Net-(J3-Pad2)"))
    (pad 3 thru_hole circle (at 5.08 0 90) (size 2.1 2.1) (drill 1.1) (layers *.Cu *.Mask)
      (net 10 "Net-(J3-Pad3)"))
    (pad 4 thru_hole circle (at 7.62 0 90) (size 2.1 2.1) (drill 1.1) (layers *.Cu *.Mask)
      (net 11 "Net-(J3-Pad4)"))
    (pad 5 thru_hole circle (at 10.16 0 90) (size 2.1 2.1) (drill 1.1) (layers *.Cu *.Mask)
      (net 12 "Net-(J3-Pad5)"))
    (pad 6 thru_hole circle (at 12.7 0 90) (size 2.1 2.1) (drill 1.1) (layers *.Cu *.Mask)
      (net 13 "Net-(J3-Pad6)"))
    (model ${KISYS3DMOD}/TerminalBlock_TE-Connectivity.3dshapes/TerminalBlock_TE_282834-6_1x06_P2.54mm_Horizontal.wrl
      (at (xyz 0 0 0))
      (scale (xyz 1 1 1))
      (rotate (xyz 0 0 0))
    )
  )

  (module TerminalBlock_TE-Connectivity:TerminalBlock_TE_282834-6_1x06_P2.54mm_Horizontal (layer F.Cu) (tedit 5C2C4CBF) (tstamp 5C30A139)
    (at 159.766 56.134)
    (descr "Terminal Block TE 282834-6, 6 pins, pitch 2.54mm, size 15.7x6.5mm^2, drill diamater 1.1mm, pad diameter 2.1mm, see http://www.te.com/commerce/DocumentDelivery/DDEController?Action=showdoc&DocId=Customer+Drawing%7F282834%7FC1%7Fpdf%7FEnglish%7FENG_CD_282834_C1.pdf, script-generated using https://github.com/pointhi/kicad-footprint-generator/scripts/TerminalBlock_TE-Connectivity")
    (tags "THT Terminal Block TE 282834-6 pitch 2.54mm size 15.7x6.5mm^2 drill 1.1mm pad 2.1mm")
    (path /5C29A8F7)
    (clearance 0.25)
    (fp_text reference J4 (at 6.35 -4.37) (layer F.SilkS)
      (effects (font (size 1 1) (thickness 0.15)))
    )
    (fp_text value Conn_01x06_Male (at 6.35 4.37) (layer F.Fab)
      (effects (font (size 1 1) (thickness 0.15)))
    )
    (fp_text user %R (at 6.35 2) (layer F.Fab)
      (effects (font (size 1 1) (thickness 0.15)))
    )
    (fp_line (start 14.7 -3.75) (end -2 -3.75) (layer F.CrtYd) (width 0.05))
    (fp_line (start 14.7 3.75) (end 14.7 -3.75) (layer F.CrtYd) (width 0.05))
    (fp_line (start -2 3.75) (end 14.7 3.75) (layer F.CrtYd) (width 0.05))
    (fp_line (start -2 -3.75) (end -2 3.75) (layer F.CrtYd) (width 0.05))
    (fp_line (start -1.86 3.61) (end -1.46 3.61) (layer F.SilkS) (width 0.12))
    (fp_line (start -1.86 2.97) (end -1.86 3.61) (layer F.SilkS) (width 0.12))
    (fp_line (start 13.401 -0.835) (end 11.866 0.7) (layer F.Fab) (width 0.1))
    (fp_line (start 13.535 -0.7) (end 12 0.835) (layer F.Fab) (width 0.1))
    (fp_line (start 10.861 -0.835) (end 9.326 0.7) (layer F.Fab) (width 0.1))
    (fp_line (start 10.995 -0.7) (end 9.46 0.835) (layer F.Fab) (width 0.1))
    (fp_line (start 8.321 -0.835) (end 6.786 0.7) (layer F.Fab) (width 0.1))
    (fp_line (start 8.455 -0.7) (end 6.92 0.835) (layer F.Fab) (width 0.1))
    (fp_line (start 5.781 -0.835) (end 4.246 0.7) (layer F.Fab) (width 0.1))
    (fp_line (start 5.915 -0.7) (end 4.38 0.835) (layer F.Fab) (width 0.1))
    (fp_line (start 3.241 -0.835) (end 1.706 0.7) (layer F.Fab) (width 0.1))
    (fp_line (start 3.375 -0.7) (end 1.84 0.835) (layer F.Fab) (width 0.1))
    (fp_line (start 0.701 -0.835) (end -0.835 0.7) (layer F.Fab) (width 0.1))
    (fp_line (start 0.835 -0.7) (end -0.701 0.835) (layer F.Fab) (width 0.1))
    (fp_line (start 14.32 -3.37) (end 14.32 3.37) (layer F.SilkS) (width 0.12))
    (fp_line (start -1.62 -3.37) (end -1.62 3.37) (layer F.SilkS) (width 0.12))
    (fp_line (start -1.62 3.37) (end 14.32 3.37) (layer F.SilkS) (width 0.12))
    (fp_line (start -1.62 -3.37) (end 14.32 -3.37) (layer F.SilkS) (width 0.12))
    (fp_line (start -1.62 -2.25) (end 14.32 -2.25) (layer F.SilkS) (width 0.12))
    (fp_line (start -1.5 -2.25) (end 14.2 -2.25) (layer F.Fab) (width 0.1))
    (fp_line (start -1.62 2.85) (end 14.32 2.85) (layer F.SilkS) (width 0.12))
    (fp_line (start -1.5 2.85) (end 14.2 2.85) (layer F.Fab) (width 0.1))
    (fp_line (start -1.5 2.85) (end -1.5 -3.25) (layer F.Fab) (width 0.1))
    (fp_line (start -1.1 3.25) (end -1.5 2.85) (layer F.Fab) (width 0.1))
    (fp_line (start 14.2 3.25) (end -1.1 3.25) (layer F.Fab) (width 0.1))
    (fp_line (start 14.2 -3.25) (end 14.2 3.25) (layer F.Fab) (width 0.1))
    (fp_line (start -1.5 -3.25) (end 14.2 -3.25) (layer F.Fab) (width 0.1))
    (fp_circle (center 12.7 0) (end 13.8 0) (layer F.Fab) (width 0.1))
    (fp_circle (center 10.16 0) (end 11.26 0) (layer F.Fab) (width 0.1))
    (fp_circle (center 7.62 0) (end 8.72 0) (layer F.Fab) (width 0.1))
    (fp_circle (center 5.08 0) (end 6.18 0) (layer F.Fab) (width 0.1))
    (fp_circle (center 2.54 0) (end 3.64 0) (layer F.Fab) (width 0.1))
    (fp_circle (center 0 0) (end 1.1 0) (layer F.Fab) (width 0.1))
    (pad 6 thru_hole circle (at 12.7 0) (size 2.1 2.1) (drill 1.1) (layers *.Cu *.Mask)
      (net 2 +3V3))
    (pad 5 thru_hole circle (at 10.16 0) (size 2.1 2.1) (drill 1.1) (layers *.Cu *.Mask)
      (net 2 +3V3))
    (pad 4 thru_hole circle (at 7.62 0) (size 2.1 2.1) (drill 1.1) (layers *.Cu *.Mask)
      (net 2 +3V3))
    (pad 3 thru_hole circle (at 5.08 0) (size 2.1 2.1) (drill 1.1) (layers *.Cu *.Mask)
      (net 2 +3V3))
    (pad 2 thru_hole circle (at 2.54 0) (size 2.1 2.1) (drill 1.1) (layers *.Cu *.Mask)
      (net 2 +3V3))
    (pad 1 thru_hole rect (at 0 0) (size 2.1 2.1) (drill 1.1) (layers *.Cu *.Mask)
      (net 2 +3V3))
    (model ${KISYS3DMOD}/TerminalBlock_TE-Connectivity.3dshapes/TerminalBlock_TE_282834-6_1x06_P2.54mm_Horizontal.wrl
      (at (xyz 0 0 0))
      (scale (xyz 1 1 1))
      (rotate (xyz 0 0 0))
    )
  )

  (module TerminalBlock_TE-Connectivity:TerminalBlock_TE_282834-6_1x06_P2.54mm_Horizontal (layer F.Cu) (tedit 5B1EC513) (tstamp 5C30A168)
    (at 180.34 56.134)
    (descr "Terminal Block TE 282834-6, 6 pins, pitch 2.54mm, size 15.7x6.5mm^2, drill diamater 1.1mm, pad diameter 2.1mm, see http://www.te.com/commerce/DocumentDelivery/DDEController?Action=showdoc&DocId=Customer+Drawing%7F282834%7FC1%7Fpdf%7FEnglish%7FENG_CD_282834_C1.pdf, script-generated using https://github.com/pointhi/kicad-footprint-generator/scripts/TerminalBlock_TE-Connectivity")
    (tags "THT Terminal Block TE 282834-6 pitch 2.54mm size 15.7x6.5mm^2 drill 1.1mm pad 2.1mm")
    (path /5C29B2F1)
    (clearance 0.25)
    (fp_text reference J5 (at 6.35 -4.37) (layer F.SilkS)
      (effects (font (size 1 1) (thickness 0.15)))
    )
    (fp_text value Conn_01x06_Male (at 6.35 4.37) (layer F.Fab)
      (effects (font (size 1 1) (thickness 0.15)))
    )
    (fp_circle (center 0 0) (end 1.1 0) (layer F.Fab) (width 0.1))
    (fp_circle (center 2.54 0) (end 3.64 0) (layer F.Fab) (width 0.1))
    (fp_circle (center 5.08 0) (end 6.18 0) (layer F.Fab) (width 0.1))
    (fp_circle (center 7.62 0) (end 8.72 0) (layer F.Fab) (width 0.1))
    (fp_circle (center 10.16 0) (end 11.26 0) (layer F.Fab) (width 0.1))
    (fp_circle (center 12.7 0) (end 13.8 0) (layer F.Fab) (width 0.1))
    (fp_line (start -1.5 -3.25) (end 14.2 -3.25) (layer F.Fab) (width 0.1))
    (fp_line (start 14.2 -3.25) (end 14.2 3.25) (layer F.Fab) (width 0.1))
    (fp_line (start 14.2 3.25) (end -1.1 3.25) (layer F.Fab) (width 0.1))
    (fp_line (start -1.1 3.25) (end -1.5 2.85) (layer F.Fab) (width 0.1))
    (fp_line (start -1.5 2.85) (end -1.5 -3.25) (layer F.Fab) (width 0.1))
    (fp_line (start -1.5 2.85) (end 14.2 2.85) (layer F.Fab) (width 0.1))
    (fp_line (start -1.62 2.85) (end 14.32 2.85) (layer F.SilkS) (width 0.12))
    (fp_line (start -1.5 -2.25) (end 14.2 -2.25) (layer F.Fab) (width 0.1))
    (fp_line (start -1.62 -2.25) (end 14.32 -2.25) (layer F.SilkS) (width 0.12))
    (fp_line (start -1.62 -3.37) (end 14.32 -3.37) (layer F.SilkS) (width 0.12))
    (fp_line (start -1.62 3.37) (end 14.32 3.37) (layer F.SilkS) (width 0.12))
    (fp_line (start -1.62 -3.37) (end -1.62 3.37) (layer F.SilkS) (width 0.12))
    (fp_line (start 14.32 -3.37) (end 14.32 3.37) (layer F.SilkS) (width 0.12))
    (fp_line (start 0.835 -0.7) (end -0.701 0.835) (layer F.Fab) (width 0.1))
    (fp_line (start 0.701 -0.835) (end -0.835 0.7) (layer F.Fab) (width 0.1))
    (fp_line (start 3.375 -0.7) (end 1.84 0.835) (layer F.Fab) (width 0.1))
    (fp_line (start 3.241 -0.835) (end 1.706 0.7) (layer F.Fab) (width 0.1))
    (fp_line (start 5.915 -0.7) (end 4.38 0.835) (layer F.Fab) (width 0.1))
    (fp_line (start 5.781 -0.835) (end 4.246 0.7) (layer F.Fab) (width 0.1))
    (fp_line (start 8.455 -0.7) (end 6.92 0.835) (layer F.Fab) (width 0.1))
    (fp_line (start 8.321 -0.835) (end 6.786 0.7) (layer F.Fab) (width 0.1))
    (fp_line (start 10.995 -0.7) (end 9.46 0.835) (layer F.Fab) (width 0.1))
    (fp_line (start 10.861 -0.835) (end 9.326 0.7) (layer F.Fab) (width 0.1))
    (fp_line (start 13.535 -0.7) (end 12 0.835) (layer F.Fab) (width 0.1))
    (fp_line (start 13.401 -0.835) (end 11.866 0.7) (layer F.Fab) (width 0.1))
    (fp_line (start -1.86 2.97) (end -1.86 3.61) (layer F.SilkS) (width 0.12))
    (fp_line (start -1.86 3.61) (end -1.46 3.61) (layer F.SilkS) (width 0.12))
    (fp_line (start -2 -3.75) (end -2 3.75) (layer F.CrtYd) (width 0.05))
    (fp_line (start -2 3.75) (end 14.7 3.75) (layer F.CrtYd) (width 0.05))
    (fp_line (start 14.7 3.75) (end 14.7 -3.75) (layer F.CrtYd) (width 0.05))
    (fp_line (start 14.7 -3.75) (end -2 -3.75) (layer F.CrtYd) (width 0.05))
    (fp_text user %R (at 6.35 2) (layer F.Fab)
      (effects (font (size 1 1) (thickness 0.15)))
    )
    (pad 1 thru_hole rect (at 0 0) (size 2.1 2.1) (drill 1.1) (layers *.Cu *.Mask)
      (net 1 GND))
    (pad 2 thru_hole circle (at 2.54 0) (size 2.1 2.1) (drill 1.1) (layers *.Cu *.Mask)
      (net 1 GND))
    (pad 3 thru_hole circle (at 5.08 0) (size 2.1 2.1) (drill 1.1) (layers *.Cu *.Mask)
      (net 1 GND))
    (pad 4 thru_hole circle (at 7.62 0) (size 2.1 2.1) (drill 1.1) (layers *.Cu *.Mask)
      (net 1 GND))
