(kicad_pcb (version 20171130) (host pcbnew "(5.1.8)-1")

  (general
    (thickness 1.6)
    (drawings 5)
    (tracks 837)
    (zones 0)
    (modules 100)
    (nets 58)
  )

  (page A4)
  (layers
    (0 F.Cu signal)
    (31 B.Cu signal)
    (32 B.Adhes user)
    (33 F.Adhes user)
    (34 B.Paste user)
    (35 F.Paste user)
    (36 B.SilkS user)
    (37 F.SilkS user)
    (38 B.Mask user)
    (39 F.Mask user)
    (40 Dwgs.User user)
    (41 Cmts.User user)
    (42 Eco1.User user)
    (43 Eco2.User user)
    (44 Edge.Cuts user)
    (45 Margin user)
    (46 B.CrtYd user)
    (47 F.CrtYd user)
    (48 B.Fab user)
    (49 F.Fab user)
  )

  (setup
    (last_trace_width 0.25)
    (user_trace_width 0.399898)
    (trace_clearance 0.2)
    (zone_clearance 0.508)
    (zone_45_only no)
    (trace_min 0.2)
    (via_size 0.8)
    (via_drill 0.4)
    (via_min_size 0.4)
    (via_min_drill 0.3)
    (uvia_size 0.3)
    (uvia_drill 0.1)
    (uvias_allowed no)
    (uvia_min_size 0.2)
    (uvia_min_drill 0.1)
    (edge_width 0.05)
    (segment_width 0.2)
    (pcb_text_width 0.3)
    (pcb_text_size 1.5 1.5)
    (mod_edge_width 0.12)
    (mod_text_size 1 1)
    (mod_text_width 0.15)
    (pad_size 1.524 1.524)
    (pad_drill 0.762)
    (pad_to_mask_clearance 0)
    (aux_axis_origin 0 0)
    (visible_elements 7FFFFFFF)
    (pcbplotparams
      (layerselection 0x010fc_ffffffff)
      (usegerberextensions false)
      (usegerberattributes true)
      (usegerberadvancedattributes true)
      (creategerberjobfile true)
      (excludeedgelayer true)
      (linewidth 0.100000)
      (plotframeref false)
      (viasonmask false)
      (mode 1)
      (useauxorigin false)
      (hpglpennumber 1)
      (hpglpenspeed 20)
      (hpglpendiameter 15.000000)
      (psnegative false)
      (psa4output false)
      (plotreference true)
      (plotvalue true)
      (plotinvisibletext false)
      (padsonsilk false)
      (subtractmaskfromsilk false)
      (outputformat 1)
      (mirror false)
      (drillshape 1)
      (scaleselection 1)
      (outputdirectory ""))
  )

  (net 0 "")
  (net 1 "Net-(Batt_1-Pad1)")
  (net 2 GND)
  (net 3 "Net-(Batt_2-Pad1)")
  (net 4 "Net-(Batt_3-Pad1)")
  (net 5 VSelect)
  (net 6 "Net-(C11-Pad1)")
  (net 7 "Net-(C12-Pad1)")
  (net 8 Primary5V)
  (net 9 "Net-(C14-Pad1)")
  (net 10 "Net-(C17-Pad1)")
  (net 11 "Net-(C20-Pad1)")
  (net 12 "Net-(C20-Pad2)")
  (net 13 Payload5V)
  (net 14 "Net-(C23-Pad1)")
  (net 15 Primary3V3)
  (net 16 Payload3V3)
  (net 17 "Net-(C26-Pad2)")
  (net 18 "Net-(C27-Pad1)")
  (net 19 "Net-(C28-Pad2)")
  (net 20 "Net-(Q3-Pad1)")
  (net 21 "Net-(Q3-Pad3)")
  (net 22 "Net-(Q4-Pad3)")
  (net 23 "Net-(Q4-Pad1)")
  (net 24 "Net-(Q5-Pad1)")
  (net 25 "Net-(Q5-Pad3)")
  (net 26 IN4)
  (net 27 IN5)
  (net 28 IN6)
  (net 29 "Net-(R13-Pad2)")
  (net 30 "Net-(R14-Pad2)")
  (net 31 "Net-(R15-Pad2)")
  (net 32 "Net-(R13-Pad1)")
  (net 33 "Net-(R14-Pad1)")
  (net 34 "Net-(R15-Pad1)")
  (net 35 "Net-(R19-Pad2)")
  (net 36 "Net-(R20-Pad2)")
  (net 37 "Net-(R21-Pad1)")
  (net 38 "Net-(R22-Pad1)")
  (net 39 "Net-(R25-Pad2)")
  (net 40 "Net-(R26-Pad2)")
  (net 41 "Net-(R27-Pad2)")
  (net 42 IN2)
  (net 43 IN3)
  (net 44 "Net-(D1-Pad2)")
  (net 45 "Net-(D2-Pad2)")
  (net 46 "Net-(D3-Pad2)")
  (net 47 "Net-(D4-Pad2)")
  (net 48 "Net-(D6-Pad2)")
  (net 49 "Net-(D5-Pad2)")
  (net 50 IN7)
  (net 51 IN0)
  (net 52 IN1)
  (net 53 PayloadEnable)
  (net 54 "Net-(L1-Pad2)")
  (net 55 "Net-(U1-Pad8)")
  (net 56 "Net-(U2-Pad8)")
  (net 57 "Net-(L2-Pad2)")

  (net_class Default "This is the default net class."
    (clearance 0.2)
    (trace_width 0.25)
    (via_dia 0.8)
    (via_drill 0.4)
    (uvia_dia 0.3)
    (uvia_drill 0.1)
    (add_net GND)
    (add_net IN0)
    (add_net IN1)
    (add_net IN2)
    (add_net IN3)
    (add_net IN4)
    (add_net IN5)
    (add_net IN6)
    (add_net IN7)
    (add_net "Net-(Batt_1-Pad1)")
    (add_net "Net-(Batt_2-Pad1)")
    (add_net "Net-(Batt_3-Pad1)")
    (add_net "Net-(C11-Pad1)")
    (add_net "Net-(C12-Pad1)")
    (add_net "Net-(C14-Pad1)")
    (add_net "Net-(C17-Pad1)")
    (add_net "Net-(C20-Pad1)")
    (add_net "Net-(C20-Pad2)")
    (add_net "Net-(C23-Pad1)")
    (add_net "Net-(C26-Pad2)")
    (add_net "Net-(C27-Pad1)")
    (add_net "Net-(C28-Pad2)")
    (add_net "Net-(D1-Pad2)")
    (add_net "Net-(D2-Pad2)")
    (add_net "Net-(D3-Pad2)")
    (add_net "Net-(D4-Pad2)")
    (add_net "Net-(D5-Pad2)")
    (add_net "Net-(D6-Pad2)")
    (add_net "Net-(L1-Pad2)")
    (add_net "Net-(L2-Pad2)")
    (add_net "Net-(Q3-Pad1)")
    (add_net "Net-(Q3-Pad3)")
    (add_net "Net-(Q4-Pad1)")
    (add_net "Net-(Q4-Pad3)")
    (add_net "Net-(Q5-Pad1)")
    (add_net "Net-(Q5-Pad3)")
    (add_net "Net-(R13-Pad1)")
    (add_net "Net-(R13-Pad2)")
    (add_net "Net-(R14-Pad1)")
    (add_net "Net-(R14-Pad2)")
    (add_net "Net-(R15-Pad1)")
    (add_net "Net-(R15-Pad2)")
    (add_net "Net-(R19-Pad2)")
    (add_net "Net-(R20-Pad2)")
    (add_net "Net-(R21-Pad1)")
    (add_net "Net-(R22-Pad1)")
    (add_net "Net-(R25-Pad2)")
    (add_net "Net-(R26-Pad2)")
    (add_net "Net-(R27-Pad2)")
    (add_net "Net-(U1-Pad8)")
    (add_net "Net-(U2-Pad8)")
    (add_net Payload3V3)
    (add_net Payload5V)
    (add_net PayloadEnable)
    (add_net Primary3V3)
    (add_net Primary5V)
    (add_net VSelect)
  )

  (module Package_SO:SOIC-8_3.9x4.9mm_P1.27mm (layer F.Cu) (tedit 5D9F72B1) (tstamp 6022276D)
    (at 48.26 31.75 90)
    (descr "SOIC, 8 Pin (JEDEC MS-012AA, https://www.analog.com/media/en/package-pcb-resources/package/pkg_pdf/soic_narrow-r/r_8.pdf), generated with kicad-footprint-generator ipc_gullwing_generator.py")
    (tags "SOIC SO")
    (path /5FF9B302)
    (attr smd)
    (fp_text reference Q1 (at 0 -3.4 90) (layer F.SilkS)
      (effects (font (size 1 1) (thickness 0.15)))
    )
    (fp_text value Si4931DY (at 0 3.4 90) (layer F.Fab)
      (effects (font (size 1 1) (thickness 0.15)))
    )
    (fp_line (start 3.7 -2.7) (end -3.7 -2.7) (layer F.CrtYd) (width 0.05))
    (fp_line (start 3.7 2.7) (end 3.7 -2.7) (layer F.CrtYd) (width 0.05))
    (fp_line (start -3.7 2.7) (end 3.7 2.7) (layer F.CrtYd) (width 0.05))
    (fp_line (start -3.7 -2.7) (end -3.7 2.7) (layer F.CrtYd) (width 0.05))
    (fp_line (start -1.95 -1.475) (end -0.975 -2.45) (layer F.Fab) (width 0.1))
    (fp_line (start -1.95 2.45) (end -1.95 -1.475) (layer F.Fab) (width 0.1))
    (fp_line (start 1.95 2.45) (end -1.95 2.45) (layer F.Fab) (width 0.1))
    (fp_line (start 1.95 -2.45) (end 1.95 2.45) (layer F.Fab) (width 0.1))
    (fp_line (start -0.975 -2.45) (end 1.95 -2.45) (layer F.Fab) (width 0.1))
    (fp_line (start 0 -2.56) (end -3.45 -2.56) (layer F.SilkS) (width 0.12))
    (fp_line (start 0 -2.56) (end 1.95 -2.56) (layer F.SilkS) (width 0.12))
    (fp_line (start 0 2.56) (end -1.95 2.56) (layer F.SilkS) (width 0.12))
    (fp_line (start 0 2.56) (end 1.95 2.56) (layer F.SilkS) (width 0.12))
    (fp_text user %R (at 0 0 90) (layer F.Fab)
      (effects (font (size 0.98 0.98) (thickness 0.15)))
    )
    (pad 8 smd roundrect (at 2.475 -1.905 90) (size 1.95 0.6) (layers F.Cu F.Paste F.Mask) (roundrect_rratio 0.25)
      (net 1 "Net-(Batt_1-Pad1)"))
    (pad 7 smd roundrect (at 2.475 -0.635 90) (size 1.95 0.6) (layers F.Cu F.Paste F.Mask) (roundrect_rratio 0.25)
      (net 1 "Net-(Batt_1-Pad1)"))
    (pad 6 smd roundrect (at 2.475 0.635 90) (size 1.95 0.6) (layers F.Cu F.Paste F.Mask) (roundrect_rratio 0.25)
      (net 11 "Net-(C20-Pad1)"))
    (pad 5 smd roundrect (at 2.475 1.905 90) (size 1.95 0.6) (layers F.Cu F.Paste F.Mask) (roundrect_rratio 0.25)
      (net 11 "Net-(C20-Pad1)"))
    (pad 4 smd roundrect (at -2.475 1.905 90) (size 1.95 0.6) (layers F.Cu F.Paste F.Mask) (roundrect_rratio 0.25)
      (net 12 "Net-(C20-Pad2)"))
    (pad 3 smd roundrect (at -2.475 0.635 90) (size 1.95 0.6) (layers F.Cu F.Paste F.Mask) (roundrect_rratio 0.25)
      (net 10 "Net-(C17-Pad1)"))
    (pad 2 smd roundrect (at -2.475 -0.635 90) (size 1.95 0.6) (layers F.Cu F.Paste F.Mask) (roundrect_rratio 0.25)
      (net 12 "Net-(C20-Pad2)"))
    (pad 1 smd roundrect (at -2.475 -1.905 90) (size 1.95 0.6) (layers F.Cu F.Paste F.Mask) (roundrect_rratio 0.25)
      (net 10 "Net-(C17-Pad1)"))
    (model ${KISYS3DMOD}/Package_SO.3dshapes/SOIC-8_3.9x4.9mm_P1.27mm.wrl
      (at (xyz 0 0 0))
      (scale (xyz 1 1 1))
      (rotate (xyz 0 0 0))
    )
  )

  (module Connector_Molex:Molex_Micro-Fit_3.0_43650-0400_1x04_P3.00mm_Horizontal (layer F.Cu) (tedit 5B79A392) (tstamp 602F1F6A)
    (at 103.5 23.5 270)
    (descr "Molex Micro-Fit 3.0 Connector System, 43650-0400 (compatible alternatives: 43650-0401, 43650-0402), 4 Pins per row (https://www.molex.com/pdm_docs/sd/436500300_sd.pdf), generated with kicad-footprint-generator")
    (tags "connector Molex Micro-Fit_3.0 top entry")
    (path /6010C11E)
    (fp_text reference J2 (at 4.5 -10.12 90) (layer F.SilkS)
      (effects (font (size 1 1) (thickness 0.15)))
    )
    (fp_text value Conn_01x04_Female (at 4.5 3.22 90) (layer F.Fab)
      (effects (font (size 1 1) (thickness 0.15)))
    )
    (fp_line (start 12.82 1.48) (end -3.82 1.48) (layer F.CrtYd) (width 0.05))
    (fp_line (start 12.82 -9.42) (end 12.82 1.48) (layer F.CrtYd) (width 0.05))
    (fp_line (start -3.82 -9.42) (end 12.82 -9.42) (layer F.CrtYd) (width 0.05))
    (fp_line (start -3.82 1.48) (end -3.82 -9.42) (layer F.CrtYd) (width 0.05))
    (fp_line (start 6.651767 1.09) (end 8.348233 1.09) (layer F.SilkS) (width 0.12))
    (fp_line (start 3.651767 1.09) (end 5.348233 1.09) (layer F.SilkS) (width 0.12))
    (fp_line (start 1.01 1.09) (end 2.348233 1.09) (layer F.SilkS) (width 0.12))
    (fp_line (start 12.435 1.09) (end 9.651767 1.09) (layer F.SilkS) (width 0.12))
    (fp_line (start -3.435 1.09) (end -1.01 1.09) (layer F.SilkS) (width 0.12))
    (fp_line (start 12.435 -8.03) (end 12.435 1.09) (layer F.SilkS) (width 0.12))
    (fp_line (start 11.435 -9.03) (end 12.435 -8.03) (layer F.SilkS) (width 0.12))
    (fp_line (start -2.435 -9.03) (end 11.435 -9.03) (layer F.SilkS) (width 0.12))
    (fp_line (start -3.435 -8.03) (end -2.435 -9.03) (layer F.SilkS) (width 0.12))
    (fp_line (start -3.435 1.09) (end -3.435 -8.03) (layer F.SilkS) (width 0.12))
    (fp_line (start 0 0) (end 0.75 0.98) (layer F.Fab) (width 0.1))
    (fp_line (start -0.75 0.98) (end 0 0) (layer F.Fab) (width 0.1))
    (fp_line (start 12.325 0.98) (end -3.325 0.98) (layer F.Fab) (width 0.1))
    (fp_line (start 12.325 -7.92) (end 12.325 0.98) (layer F.Fab) (width 0.1))
    (fp_line (start 11.325 -8.92) (end 12.325 -7.92) (layer F.Fab) (width 0.1))
    (fp_line (start -2.325 -8.92) (end 11.325 -8.92) (layer F.Fab) (width 0.1))
    (fp_line (start -3.325 -7.92) (end -2.325 -8.92) (layer F.Fab) (width 0.1))
    (fp_line (start -3.325 0.98) (end -3.325 -7.92) (layer F.Fab) (width 0.1))
    (fp_text user %R (at 4.5 -8.22 90) (layer F.Fab)
      (effects (font (size 1 1) (thickness 0.15)))
    )
    (pad 4 thru_hole oval (at 9 0 270) (size 1.5 2.02) (drill 1.02) (layers *.Cu *.Mask))
    (pad 3 thru_hole oval (at 6 0 270) (size 1.5 2.02) (drill 1.02) (layers *.Cu *.Mask)
      (net 2 GND))
    (pad 2 thru_hole oval (at 3 0 270) (size 1.5 2.02) (drill 1.02) (layers *.Cu *.Mask)
      (net 16 Payload3V3))
    (pad 1 thru_hole roundrect (at 0 0 270) (size 1.5 2.02) (drill 1.02) (layers *.Cu *.Mask) (roundrect_rratio 0.166667)
      (net 13 Payload5V))
    (pad "" np_thru_hole circle (at 6.85 -4.32 270) (size 3 3) (drill 3) (layers *.Cu *.Mask))
    (pad "" np_thru_hole circle (at 2.15 -4.32 270) (size 3 3) (drill 3) (layers *.Cu *.Mask))
    (model ${KISYS3DMOD}/Connector_Molex.3dshapes/Molex_Micro-Fit_3.0_43650-0400_1x04_P3.00mm_Horizontal.wrl
      (at (xyz 0 0 0))
      (scale (xyz 1 1 1))
      (rotate (xyz 0 0 0))
    )
  )

  (module Connector_Wire:SolderWire-0.127sqmm_1x02_P3.7mm_D0.48mm_OD1mm (layer F.Cu) (tedit 5EB70B42) (tstamp 602224FC)
    (at 16.5 32.05 270)
    (descr "Soldered wire connection, for 2 times 0.127 mm² wires, basic insulation, conductor diameter 0.48mm, outer diameter 1mm, size source Multi-Contact FLEXI-E/HK 0.127 (https://ec.staubli.com/AcroFiles/Catalogues/TM_Cab-Main-11014119_(en)_hi.pdf), bend radius 3 times outer diameter, generated with kicad-footprint-generator")
    (tags "connector wire 0.127sqmm")
    (path /5FF4BCC7)
    (attr virtual)
    (fp_text reference Batt_1 (at 1.85 -2.05 90) (layer F.SilkS)
      (effects (font (size 1 1) (thickness 0.15)))
    )
    (fp_text value Conn_01x02 (at 1.85 2.54 90) (layer F.Fab)
      (effects (font (size 1 1) (thickness 0.15)))
    )
    (fp_circle (center 0 0) (end 0.5 0) (layer F.Fab) (width 0.1))
    (fp_circle (center 3.7 0) (end 4.2 0) (layer F.Fab) (width 0.1))
    (fp_line (start -1.35 -1.35) (end -1.35 1.35) (layer F.CrtYd) (width 0.05))
    (fp_line (start -1.35 1.35) (end 1.35 1.35) (layer F.CrtYd) (width 0.05))
    (fp_line (start 1.35 1.35) (end 1.35 -1.35) (layer F.CrtYd) (width 0.05))
    (fp_line (start 1.35 -1.35) (end -1.35 -1.35) (layer F.CrtYd) (width 0.05))
    (fp_line (start 2.35 -1.35) (end 2.35 1.35) (layer F.CrtYd) (width 0.05))
    (fp_line (start 2.35 1.35) (end 5.05 1.35) (layer F.CrtYd) (width 0.05))
    (fp_line (start 5.05 1.35) (end 5.05 -1.35) (layer F.CrtYd) (width 0.05))
    (fp_line (start 5.05 -1.35) (end 2.35 -1.35) (layer F.CrtYd) (width 0.05))
    (fp_text user %R (at 1.85 0) (layer F.Fab)
      (effects (font (size 0.68 0.68) (thickness 0.1)))
    )
    (pad 1 thru_hole roundrect (at 0 0 270) (size 1.7 1.7) (drill 0.7) (layers *.Cu *.Mask) (roundrect_rratio 0.147059)
      (net 1 "Net-(Batt_1-Pad1)"))
    (pad 2 thru_hole circle (at 3.7 0 270) (size 1.7 1.7) (drill 0.7) (layers *.Cu *.Mask)
      (net 2 GND))
    (model ${KISYS3DMOD}/Connector_Wire.3dshapes/SolderWire-0.127sqmm_1x02_P3.7mm_D0.48mm_OD1mm.wrl
      (at (xyz 0 0 0))
      (scale (xyz 1 1 1))
      (rotate (xyz 0 0 0))
    )
  )

  (module Connector_JST:JST_PH_S2B-PH-K_1x02_P2.00mm_Horizontal (layer F.Cu) (tedit 5B7745C6) (tstamp 6022252B)
    (at 19.5 47 270)
    (descr "JST PH series connector, S2B-PH-K (http://www.jst-mfg.com/product/pdf/eng/ePH.pdf), generated with kicad-footprint-generator")
    (tags "connector JST PH top entry")
    (path /5FF505F1)
    (fp_text reference Batt_2 (at 1 -2.55 90) (layer F.SilkS)
      (effects (font (size 1 1) (thickness 0.15)))
    )
    (fp_text value Conn_01x02 (at 1.016 6.35 90) (layer F.Fab)
      (effects (font (size 1 1) (thickness 0.15)))
    )
    (fp_line (start 0.5 1.375) (end 0 0.875) (layer F.Fab) (width 0.1))
    (fp_line (start -0.5 1.375) (end 0.5 1.375) (layer F.Fab) (width 0.1))
    (fp_line (start 0 0.875) (end -0.5 1.375) (layer F.Fab) (width 0.1))
    (fp_line (start -0.86 0.14) (end -0.86 -1.075) (layer F.SilkS) (width 0.12))
    (fp_line (start 3.25 0.25) (end -1.25 0.25) (layer F.Fab) (width 0.1))
    (fp_line (start 3.25 -1.35) (end 3.25 0.25) (layer F.Fab) (width 0.1))
    (fp_line (start 3.95 -1.35) (end 3.25 -1.35) (layer F.Fab) (width 0.1))
    (fp_line (start 3.95 6.25) (end 3.95 -1.35) (layer F.Fab) (width 0.1))
    (fp_line (start -1.95 6.25) (end 3.95 6.25) (layer F.Fab) (width 0.1))
    (fp_line (start -1.95 -1.35) (end -1.95 6.25) (layer F.Fab) (width 0.1))
    (fp_line (start -1.25 -1.35) (end -1.95 -1.35) (layer F.Fab) (width 0.1))
    (fp_line (start -1.25 0.25) (end -1.25 -1.35) (layer F.Fab) (width 0.1))
    (fp_line (start 4.45 -1.85) (end -2.45 -1.85) (layer F.CrtYd) (width 0.05))
    (fp_line (start 4.45 6.75) (end 4.45 -1.85) (layer F.CrtYd) (width 0.05))
    (fp_line (start -2.45 6.75) (end 4.45 6.75) (layer F.CrtYd) (width 0.05))
    (fp_line (start -2.45 -1.85) (end -2.45 6.75) (layer F.CrtYd) (width 0.05))
    (fp_line (start -0.8 4.1) (end -0.8 6.36) (layer F.SilkS) (width 0.12))
    (fp_line (start -0.3 4.1) (end -0.3 6.36) (layer F.SilkS) (width 0.12))
    (fp_line (start 2.3 2.5) (end 3.3 2.5) (layer F.SilkS) (width 0.12))
    (fp_line (start 2.3 4.1) (end 2.3 2.5) (layer F.SilkS) (width 0.12))
    (fp_line (start 3.3 4.1) (end 2.3 4.1) (layer F.SilkS) (width 0.12))
    (fp_line (start 3.3 2.5) (end 3.3 4.1) (layer F.SilkS) (width 0.12))
    (fp_line (start -0.3 2.5) (end -1.3 2.5) (layer F.SilkS) (width 0.12))
    (fp_line (start -0.3 4.1) (end -0.3 2.5) (layer F.SilkS) (width 0.12))
    (fp_line (start -1.3 4.1) (end -0.3 4.1) (layer F.SilkS) (width 0.12))
    (fp_line (start -1.3 2.5) (end -1.3 4.1) (layer F.SilkS) (width 0.12))
    (fp_line (start 4.06 0.14) (end 3.14 0.14) (layer F.SilkS) (width 0.12))
    (fp_line (start -2.06 0.14) (end -1.14 0.14) (layer F.SilkS) (width 0.12))
    (fp_line (start 1.5 2) (end 1.5 6.36) (layer F.SilkS) (width 0.12))
    (fp_line (start 0.5 2) (end 1.5 2) (layer F.SilkS) (width 0.12))
    (fp_line (start 0.5 6.36) (end 0.5 2) (layer F.SilkS) (width 0.12))
    (fp_line (start 3.14 0.14) (end 2.86 0.14) (layer F.SilkS) (width 0.12))
    (fp_line (start 3.14 -1.46) (end 3.14 0.14) (layer F.SilkS) (width 0.12))
    (fp_line (start 4.06 -1.46) (end 3.14 -1.46) (layer F.SilkS) (width 0.12))
    (fp_line (start 4.06 6.36) (end 4.06 -1.46) (layer F.SilkS) (width 0.12))
    (fp_line (start -2.06 6.36) (end 4.06 6.36) (layer F.SilkS) (width 0.12))
    (fp_line (start -2.06 -1.46) (end -2.06 6.36) (layer F.SilkS) (width 0.12))
    (fp_line (start -1.14 -1.46) (end -2.06 -1.46) (layer F.SilkS) (width 0.12))
    (fp_line (start -1.14 0.14) (end -1.14 -1.46) (layer F.SilkS) (width 0.12))
    (fp_line (start -0.86 0.14) (end -1.14 0.14) (layer F.SilkS) (width 0.12))
    (fp_text user %R (at 1.27 3.81 90) (layer F.Fab)
      (effects (font (size 1 1) (thickness 0.15)))
    )
    (pad 2 thru_hole oval (at 2 0 270) (size 1.2 1.75) (drill 0.75) (layers *.Cu *.Mask)
      (net 2 GND))
    (pad 1 thru_hole roundrect (at 0 0 270) (size 1.2 1.75) (drill 0.75) (layers *.Cu *.Mask) (roundrect_rratio 0.208333)
      (net 3 "Net-(Batt_2-Pad1)"))
    (model ${KISYS3DMOD}/Connector_JST.3dshapes/JST_PH_S2B-PH-K_1x02_P2.00mm_Horizontal.wrl
      (at (xyz 0 0 0))
      (scale (xyz 1 1 1))
      (rotate (xyz 0 0 0))
    )
  )

  (module Connector_JST:JST_PH_S2B-PH-K_1x02_P2.00mm_Horizontal (layer F.Cu) (tedit 5B7745C6) (tstamp 6022255A)
    (at 19.5 66.548 270)
    (descr "JST PH series connector, S2B-PH-K (http://www.jst-mfg.com/product/pdf/eng/ePH.pdf), generated with kicad-footprint-generator")
    (tags "connector JST PH top entry")
    (path /5FF51194)
    (fp_text reference Batt_3 (at 1 -2.55 90) (layer F.SilkS)
      (effects (font (size 1 1) (thickness 0.15)))
    )
    (fp_text value Conn_01x02 (at 1 6.604 90) (layer F.Fab)
      (effects (font (size 1 1) (thickness 0.15)))
    )
    (fp_line (start -0.86 0.14) (end -1.14 0.14) (layer F.SilkS) (width 0.12))
    (fp_line (start -1.14 0.14) (end -1.14 -1.46) (layer F.SilkS) (width 0.12))
    (fp_line (start -1.14 -1.46) (end -2.06 -1.46) (layer F.SilkS) (width 0.12))
    (fp_line (start -2.06 -1.46) (end -2.06 6.36) (layer F.SilkS) (width 0.12))
    (fp_line (start -2.06 6.36) (end 4.06 6.36) (layer F.SilkS) (width 0.12))
    (fp_line (start 4.06 6.36) (end 4.06 -1.46) (layer F.SilkS) (width 0.12))
    (fp_line (start 4.06 -1.46) (end 3.14 -1.46) (layer F.SilkS) (width 0.12))
    (fp_line (start 3.14 -1.46) (end 3.14 0.14) (layer F.SilkS) (width 0.12))
    (fp_line (start 3.14 0.14) (end 2.86 0.14) (layer F.SilkS) (width 0.12))
    (fp_line (start 0.5 6.36) (end 0.5 2) (layer F.SilkS) (width 0.12))
    (fp_line (start 0.5 2) (end 1.5 2) (layer F.SilkS) (width 0.12))
    (fp_line (start 1.5 2) (end 1.5 6.36) (layer F.SilkS) (width 0.12))
    (fp_line (start -2.06 0.14) (end -1.14 0.14) (layer F.SilkS) (width 0.12))
    (fp_line (start 4.06 0.14) (end 3.14 0.14) (layer F.SilkS) (width 0.12))
    (fp_line (start -1.3 2.5) (end -1.3 4.1) (layer F.SilkS) (width 0.12))
    (fp_line (start -1.3 4.1) (end -0.3 4.1) (layer F.SilkS) (width 0.12))
    (fp_line (start -0.3 4.1) (end -0.3 2.5) (layer F.SilkS) (width 0.12))
    (fp_line (start -0.3 2.5) (end -1.3 2.5) (layer F.SilkS) (width 0.12))
    (fp_line (start 3.3 2.5) (end 3.3 4.1) (layer F.SilkS) (width 0.12))
    (fp_line (start 3.3 4.1) (end 2.3 4.1) (layer F.SilkS) (width 0.12))
    (fp_line (start 2.3 4.1) (end 2.3 2.5) (layer F.SilkS) (width 0.12))
    (fp_line (start 2.3 2.5) (end 3.3 2.5) (layer F.SilkS) (width 0.12))
    (fp_line (start -0.3 4.1) (end -0.3 6.36) (layer F.SilkS) (width 0.12))
    (fp_line (start -0.8 4.1) (end -0.8 6.36) (layer F.SilkS) (width 0.12))
    (fp_line (start -2.45 -1.85) (end -2.45 6.75) (layer F.CrtYd) (width 0.05))
    (fp_line (start -2.45 6.75) (end 4.45 6.75) (layer F.CrtYd) (width 0.05))
    (fp_line (start 4.45 6.75) (end 4.45 -1.85) (layer F.CrtYd) (width 0.05))
    (fp_line (start 4.45 -1.85) (end -2.45 -1.85) (layer F.CrtYd) (width 0.05))
    (fp_line (start -1.25 0.25) (end -1.25 -1.35) (layer F.Fab) (width 0.1))
    (fp_line (start -1.25 -1.35) (end -1.95 -1.35) (layer F.Fab) (width 0.1))
    (fp_line (start -1.95 -1.35) (end -1.95 6.25) (layer F.Fab) (width 0.1))
    (fp_line (start -1.95 6.25) (end 3.95 6.25) (layer F.Fab) (width 0.1))
    (fp_line (start 3.95 6.25) (end 3.95 -1.35) (layer F.Fab) (width 0.1))
    (fp_line (start 3.95 -1.35) (end 3.25 -1.35) (layer F.Fab) (width 0.1))
    (fp_line (start 3.25 -1.35) (end 3.25 0.25) (layer F.Fab) (width 0.1))
    (fp_line (start 3.25 0.25) (end -1.25 0.25) (layer F.Fab) (width 0.1))
    (fp_line (start -0.86 0.14) (end -0.86 -1.075) (layer F.SilkS) (width 0.12))
    (fp_line (start 0 0.875) (end -0.5 1.375) (layer F.Fab) (width 0.1))
    (fp_line (start -0.5 1.375) (end 0.5 1.375) (layer F.Fab) (width 0.1))
    (fp_line (start 0.5 1.375) (end 0 0.875) (layer F.Fab) (width 0.1))
    (fp_text user %R (at 1.27 2.54 90) (layer F.Fab)
      (effects (font (size 1 1) (thickness 0.15)))
    )
    (pad 1 thru_hole roundrect (at 0 0 270) (size 1.2 1.75) (drill 0.75) (layers *.Cu *.Mask) (roundrect_rratio 0.208333)
      (net 4 "Net-(Batt_3-Pad1)"))
    (pad 2 thru_hole oval (at 2 0 270) (size 1.2 1.75) (drill 0.75) (layers *.Cu *.Mask)
      (net 2 GND))
    (model ${KISYS3DMOD}/Connector_JST.3dshapes/JST_PH_S2B-PH-K_1x02_P2.00mm_Horizontal.wrl
      (at (xyz 0 0 0))
      (scale (xyz 1 1 1))
      (rotate (xyz 0 0 0))
    )
  )

  (module Capacitor_SMD:C_0805_2012Metric_Pad1.18x1.45mm_HandSolder (layer F.Cu) (tedit 5F68FEEF) (tstamp 602225A3)
    (at 62.23 64.77 180)
    (descr "Capacitor SMD 0805 (2012 Metric), square (rectangular) end terminal, IPC_7351 nominal with elongated pad for handsoldering. (Body size source: IPC-SM-782 page 76, https://www.pcb-3d.com/wordpress/wp-content/uploads/ipc-sm-782a_amendment_1_and_2.pdf, https://docs.google.com/spreadsheets/d/1BsfQQcO9C6DZCsRaXUlFlo91Tg2WpOkGARC1WS5S8t0/edit?usp=sharing), generated with kicad-footprint-generator")
    (tags "capacitor handsolder")
    (path /5FFB120C)
    (attr smd)
    (fp_text reference C5 (at 0 -1.68) (layer F.SilkS)
      (effects (font (size 1 1) (thickness 0.15)))
    )
    (fp_text value 22uF (at 0 1.68) (layer F.Fab)
      (effects (font (size 1 1) (thickness 0.15)))
    )
    (fp_line (start 1.88 0.98) (end -1.88 0.98) (layer F.CrtYd) (width 0.05))
    (fp_line (start 1.88 -0.98) (end 1.88 0.98) (layer F.CrtYd) (width 0.05))
    (fp_line (start -1.88 -0.98) (end 1.88 -0.98) (layer F.CrtYd) (width 0.05))
    (fp_line (start -1.88 0.98) (end -1.88 -0.98) (layer F.CrtYd) (width 0.05))
    (fp_line (start -0.261252 0.735) (end 0.261252 0.735) (layer F.SilkS) (width 0.12))
    (fp_line (start -0.261252 -0.735) (end 0.261252 -0.735) (layer F.SilkS) (width 0.12))
    (fp_line (start 1 0.625) (end -1 0.625) (layer F.Fab) (width 0.1))
    (fp_line (start 1 -0.625) (end 1 0.625) (layer F.Fab) (width 0.1))
    (fp_line (start -1 -0.625) (end 1 -0.625) (layer F.Fab) (width 0.1))
    (fp_line (start -1 0.625) (end -1 -0.625) (layer F.Fab) (width 0.1))
    (fp_text user %R (at 0 0) (layer F.Fab)
      (effects (font (size 0.5 0.5) (thickness 0.08)))
    )
    (pad 2 smd roundrect (at 1.0375 0 180) (size 1.175 1.45) (layers F.Cu F.Paste F.Mask) (roundrect_rratio 0.212766)
      (net 2 GND))
    (pad 1 smd roundrect (at -1.0375 0 180) (size 1.175 1.45) (layers F.Cu F.Paste F.Mask) (roundrect_rratio 0.212766)
      (net 5 VSelect))
    (model ${KISYS3DMOD}/Capacitor_SMD.3dshapes/C_0805_2012Metric.wrl
      (at (xyz 0 0 0))
      (scale (xyz 1 1 1))
      (rotate (xyz 0 0 0))
    )
  )

  (module Capacitor_SMD:C_0805_2012Metric_Pad1.18x1.45mm_HandSolder (layer F.Cu) (tedit 5F68FEEF) (tstamp 602225C2)
    (at 62.4625 71.12 180)
    (descr "Capacitor SMD 0805 (2012 Metric), square (rectangular) end terminal, IPC_7351 nominal with elongated pad for handsoldering. (Body size source: IPC-SM-782 page 76, https://www.pcb-3d.com/wordpress/wp-content/uploads/ipc-sm-782a_amendment_1_and_2.pdf, https://docs.google.com/spreadsheets/d/1BsfQQcO9C6DZCsRaXUlFlo91Tg2WpOkGARC1WS5S8t0/edit?usp=sharing), generated with kicad-footprint-generator")
    (tags "capacitor handsolder")
    (path /6067968B)
    (attr smd)
    (fp_text reference C7 (at 0 -1.68) (layer F.SilkS)
      (effects (font (size 1 1) (thickness 0.15)))
    )
    (fp_text value 22uF (at 0 1.68) (layer F.Fab)
      (effects (font (size 1 1) (thickness 0.15)))
    )
    (fp_line (start 1.88 0.98) (end -1.88 0.98) (layer F.CrtYd) (width 0.05))
    (fp_line (start 1.88 -0.98) (end 1.88 0.98) (layer F.CrtYd) (width 0.05))
    (fp_line (start -1.88 -0.98) (end 1.88 -0.98) (layer F.CrtYd) (width 0.05))
    (fp_line (start -1.88 0.98) (end -1.88 -0.98) (layer F.CrtYd) (width 0.05))
    (fp_line (start -0.261252 0.735) (end 0.261252 0.735) (layer F.SilkS) (width 0.12))
    (fp_line (start -0.261252 -0.735) (end 0.261252 -0.735) (layer F.SilkS) (width 0.12))
    (fp_line (start 1 0.625) (end -1 0.625) (layer F.Fab) (width 0.1))
    (fp_line (start 1 -0.625) (end 1 0.625) (layer F.Fab) (width 0.1))
    (fp_line (start -1 -0.625) (end 1 -0.625) (layer F.Fab) (width 0.1))
    (fp_line (start -1 0.625) (end -1 -0.625) (layer F.Fab) (width 0.1))
    (fp_text user %R (at 0 0) (layer F.Fab)
      (effects (font (size 0.5 0.5) (thickness 0.08)))
    )
    (pad 2 smd roundrect (at 1.0375 0 180) (size 1.175 1.45) (layers F.Cu F.Paste F.Mask) (roundrect_rratio 0.212766)
      (net 2 GND))
    (pad 1 smd roundrect (at -1.0375 0 180) (size 1.175 1.45) (layers F.Cu F.Paste F.Mask) (roundrect_rratio 0.212766)
      (net 5 VSelect))
    (model ${KISYS3DMOD}/Capacitor_SMD.3dshapes/C_0805_2012Metric.wrl
      (at (xyz 0 0 0))
      (scale (xyz 1 1 1))
      (rotate (xyz 0 0 0))
    )
  )

  (module Capacitor_SMD:C_0805_2012Metric_Pad1.18x1.45mm_HandSolder (layer F.Cu) (tedit 5F68FEEF) (tstamp 602225D3)
    (at 25.5 28.7875 270)
    (descr "Capacitor SMD 0805 (2012 Metric), square (rectangular) end terminal, IPC_7351 nominal with elongated pad for handsoldering. (Body size source: IPC-SM-782 page 76, https://www.pcb-3d.com/wordpress/wp-content/uploads/ipc-sm-782a_amendment_1_and_2.pdf, https://docs.google.com/spreadsheets/d/1BsfQQcO9C6DZCsRaXUlFlo91Tg2WpOkGARC1WS5S8t0/edit?usp=sharing), generated with kicad-footprint-generator")
    (tags "capacitor handsolder")
    (path /6019A3C6)
    (attr smd)
    (fp_text reference C8 (at 0 -1.68 90) (layer F.SilkS)
      (effects (font (size 1 1) (thickness 0.15)))
    )
    (fp_text value 68uF (at 2.5615 -0.508 180) (layer F.Fab)
      (effects (font (size 1 1) (thickness 0.15)))
    )
    (fp_line (start -1 0.625) (end -1 -0.625) (layer F.Fab) (width 0.1))
    (fp_line (start -1 -0.625) (end 1 -0.625) (layer F.Fab) (width 0.1))
    (fp_line (start 1 -0.625) (end 1 0.625) (layer F.Fab) (width 0.1))
    (fp_line (start 1 0.625) (end -1 0.625) (layer F.Fab) (width 0.1))
    (fp_line (start -0.261252 -0.735) (end 0.261252 -0.735) (layer F.SilkS) (width 0.12))
    (fp_line (start -0.261252 0.735) (end 0.261252 0.735) (layer F.SilkS) (width 0.12))
    (fp_line (start -1.88 0.98) (end -1.88 -0.98) (layer F.CrtYd) (width 0.05))
    (fp_line (start -1.88 -0.98) (end 1.88 -0.98) (layer F.CrtYd) (width 0.05))
    (fp_line (start 1.88 -0.98) (end 1.88 0.98) (layer F.CrtYd) (width 0.05))
    (fp_line (start 1.88 0.98) (end -1.88 0.98) (layer F.CrtYd) (width 0.05))
    (fp_text user %R (at 0 0 90) (layer F.Fab)
      (effects (font (size 0.5 0.5) (thickness 0.08)))
    )
    (pad 1 smd roundrect (at -1.0375 0 270) (size 1.175 1.45) (layers F.Cu F.Paste F.Mask) (roundrect_rratio 0.212766)
      (net 2 GND))
    (pad 2 smd roundrect (at 1.0375 0 270) (size 1.175 1.45) (layers F.Cu F.Paste F.Mask) (roundrect_rratio 0.212766)
      (net 1 "Net-(Batt_1-Pad1)"))
    (model ${KISYS3DMOD}/Capacitor_SMD.3dshapes/C_0805_2012Metric.wrl
      (at (xyz 0 0 0))
      (scale (xyz 1 1 1))
      (rotate (xyz 0 0 0))
    )
  )

  (module Capacitor_SMD:C_0805_2012Metric_Pad1.18x1.45mm_HandSolder (layer F.Cu) (tedit 5F68FEEF) (tstamp 602225E4)
    (at 34.798 45.6985 270)
    (descr "Capacitor SMD 0805 (2012 Metric), square (rectangular) end terminal, IPC_7351 nominal with elongated pad for handsoldering. (Body size source: IPC-SM-782 page 76, https://www.pcb-3d.com/wordpress/wp-content/uploads/ipc-sm-782a_amendment_1_and_2.pdf, https://docs.google.com/spreadsheets/d/1BsfQQcO9C6DZCsRaXUlFlo91Tg2WpOkGARC1WS5S8t0/edit?usp=sharing), generated with kicad-footprint-generator")
    (tags "capacitor handsolder")
    (path /6023CB63)
    (attr smd)
    (fp_text reference C9 (at 0 -1.68 90) (layer F.SilkS)
      (effects (font (size 1 1) (thickness 0.15)))
    )
    (fp_text value 68uF (at 2.8155 -0.508 180) (layer F.Fab)
      (effects (font (size 1 1) (thickness 0.15)))
    )
    (fp_line (start -1 0.625) (end -1 -0.625) (layer F.Fab) (width 0.1))
    (fp_line (start -1 -0.625) (end 1 -0.625) (layer F.Fab) (width 0.1))
    (fp_line (start 1 -0.625) (end 1 0.625) (layer F.Fab) (width 0.1))
    (fp_line (start 1 0.625) (end -1 0.625) (layer F.Fab) (width 0.1))
    (fp_line (start -0.261252 -0.735) (end 0.261252 -0.735) (layer F.SilkS) (width 0.12))
    (fp_line (start -0.261252 0.735) (end 0.261252 0.735) (layer F.SilkS) (width 0.12))
    (fp_line (start -1.88 0.98) (end -1.88 -0.98) (layer F.CrtYd) (width 0.05))
    (fp_line (start -1.88 -0.98) (end 1.88 -0.98) (layer F.CrtYd) (width 0.05))
    (fp_line (start 1.88 -0.98) (end 1.88 0.98) (layer F.CrtYd) (width 0.05))
    (fp_line (start 1.88 0.98) (end -1.88 0.98) (layer F.CrtYd) (width 0.05))
    (fp_text user %R (at 0 0 90) (layer F.Fab)
      (effects (font (size 0.5 0.5) (thickness 0.08)))
    )
    (pad 1 smd roundrect (at -1.0375 0 270) (size 1.175 1.45) (layers F.Cu F.Paste F.Mask) (roundrect_rratio 0.212766)
      (net 2 GND))
    (pad 2 smd roundrect (at 1.0375 0 270) (size 1.175 1.45) (layers F.Cu F.Paste F.Mask) (roundrect_rratio 0.212766)
      (net 3 "Net-(Batt_2-Pad1)"))
    (model ${KISYS3DMOD}/Capacitor_SMD.3dshapes/C_0805_2012Metric.wrl
      (at (xyz 0 0 0))
      (scale (xyz 1 1 1))
      (rotate (xyz 0 0 0))
    )
  )

  (module Capacitor_SMD:C_0805_2012Metric_Pad1.18x1.45mm_HandSolder (layer F.Cu) (tedit 5F68FEEF) (tstamp 602225F5)
    (at 35.56 65.5105 270)
    (descr "Capacitor SMD 0805 (2012 Metric), square (rectangular) end terminal, IPC_7351 nominal with elongated pad for handsoldering. (Body size source: IPC-SM-782 page 76, https://www.pcb-3d.com/wordpress/wp-content/uploads/ipc-sm-782a_amendment_1_and_2.pdf, https://docs.google.com/spreadsheets/d/1BsfQQcO9C6DZCsRaXUlFlo91Tg2WpOkGARC1WS5S8t0/edit?usp=sharing), generated with kicad-footprint-generator")
    (tags "capacitor handsolder")
    (path /6024A1AF)
    (attr smd)
    (fp_text reference C10 (at 0 -1.68 90) (layer F.SilkS)
      (effects (font (size 1 1) (thickness 0.15)))
    )
    (fp_text value 68uF (at 0 1.68 90) (layer F.Fab)
      (effects (font (size 1 1) (thickness 0.15)))
    )
    (fp_line (start 1.88 0.98) (end -1.88 0.98) (layer F.CrtYd) (width 0.05))
    (fp_line (start 1.88 -0.98) (end 1.88 0.98) (layer F.CrtYd) (width 0.05))
    (fp_line (start -1.88 -0.98) (end 1.88 -0.98) (layer F.CrtYd) (width 0.05))
    (fp_line (start -1.88 0.98) (end -1.88 -0.98) (layer F.CrtYd) (width 0.05))
    (fp_line (start -0.261252 0.735) (end 0.261252 0.735) (layer F.SilkS) (width 0.12))
    (fp_line (start -0.261252 -0.735) (end 0.261252 -0.735) (layer F.SilkS) (width 0.12))
    (fp_line (start 1 0.625) (end -1 0.625) (layer F.Fab) (width 0.1))
    (fp_line (start 1 -0.625) (end 1 0.625) (layer F.Fab) (width 0.1))
    (fp_line (start -1 -0.625) (end 1 -0.625) (layer F.Fab) (width 0.1))
    (fp_line (start -1 0.625) (end -1 -0.625) (layer F.Fab) (width 0.1))
    (fp_text user %R (at 0 0 90) (layer F.Fab)
      (effects (font (size 0.5 0.5) (thickness 0.08)))
    )
    (pad 2 smd roundrect (at 1.0375 0 270) (size 1.175 1.45) (layers F.Cu F.Paste F.Mask) (roundrect_rratio 0.212766)
      (net 4 "Net-(Batt_3-Pad1)"))
    (pad 1 smd roundrect (at -1.0375 0 270) (size 1.175 1.45) (layers F.Cu F.Paste F.Mask) (roundrect_rratio 0.212766)
      (net 2 GND))
    (model ${KISYS3DMOD}/Capacitor_SMD.3dshapes/C_0805_2012Metric.wrl
      (at (xyz 0 0 0))
      (scale (xyz 1 1 1))
      (rotate (xyz 0 0 0))
    )
  )

  (module Capacitor_SMD:C_0805_2012Metric_Pad1.18x1.45mm_HandSolder (layer F.Cu) (tedit 5F68FEEF) (tstamp 60222606)
    (at 71.12 59.69 270)
    (descr "Capacitor SMD 0805 (2012 Metric), square (rectangular) end terminal, IPC_7351 nominal with elongated pad for handsoldering. (Body size source: IPC-SM-782 page 76, https://www.pcb-3d.com/wordpress/wp-content/uploads/ipc-sm-782a_amendment_1_and_2.pdf, https://docs.google.com/spreadsheets/d/1BsfQQcO9C6DZCsRaXUlFlo91Tg2WpOkGARC1WS5S8t0/edit?usp=sharing), generated with kicad-footprint-generator")
    (tags "capacitor handsolder")
    (path /5FFB1D6A)
    (attr smd)
    (fp_text reference C11 (at 0 -1.68 90) (layer F.SilkS)
      (effects (font (size 1 1) (thickness 0.15)))
    )
    (fp_text value 10nF (at 0 1.68 90) (layer F.Fab)
      (effects (font (size 1 1) (thickness 0.15)))
    )
    (fp_line (start -1 0.625) (end -1 -0.625) (layer F.Fab) (width 0.1))
    (fp_line (start -1 -0.625) (end 1 -0.625) (layer F.Fab) (width 0.1))
    (fp_line (start 1 -0.625) (end 1 0.625) (layer F.Fab) (width 0.1))
    (fp_line (start 1 0.625) (end -1 0.625) (layer F.Fab) (width 0.1))
    (fp_line (start -0.261252 -0.735) (end 0.261252 -0.735) (layer F.SilkS) (width 0.12))
    (fp_line (start -0.261252 0.735) (end 0.261252 0.735) (layer F.SilkS) (width 0.12))
    (fp_line (start -1.88 0.98) (end -1.88 -0.98) (layer F.CrtYd) (width 0.05))
    (fp_line (start -1.88 -0.98) (end 1.88 -0.98) (layer F.CrtYd) (width 0.05))
    (fp_line (start 1.88 -0.98) (end 1.88 0.98) (layer F.CrtYd) (width 0.05))
    (fp_line (start 1.88 0.98) (end -1.88 0.98) (layer F.CrtYd) (width 0.05))
    (fp_text user %R (at 0 0 90) (layer F.Fab)
      (effects (font (size 0.5 0.5) (thickness 0.08)))
    )
    (pad 1 smd roundrect (at -1.0375 0 270) (size 1.175 1.45) (layers F.Cu F.Paste F.Mask) (roundrect_rratio 0.212766)
      (net 6 "Net-(C11-Pad1)"))
    (pad 2 smd roundrect (at 1.0375 0 270) (size 1.175 1.45) (layers F.Cu F.Paste F.Mask) (roundrect_rratio 0.212766)
      (net 2 GND))
    (model ${KISYS3DMOD}/Capacitor_SMD.3dshapes/C_0805_2012Metric.wrl
      (at (xyz 0 0 0))
      (scale (xyz 1 1 1))
      (rotate (xyz 0 0 0))
    )
  )

  (module Capacitor_SMD:C_0805_2012Metric_Pad1.18x1.45mm_HandSolder (layer F.Cu) (tedit 5F68FEEF) (tstamp 60222617)
    (at 71.12 72.3685 270)
    (descr "Capacitor SMD 0805 (2012 Metric), square (rectangular) end terminal, IPC_7351 nominal with elongated pad for handsoldering. (Body size source: IPC-SM-782 page 76, https://www.pcb-3d.com/wordpress/wp-content/uploads/ipc-sm-782a_amendment_1_and_2.pdf, https://docs.google.com/spreadsheets/d/1BsfQQcO9C6DZCsRaXUlFlo91Tg2WpOkGARC1WS5S8t0/edit?usp=sharing), generated with kicad-footprint-generator")
    (tags "capacitor handsolder")
    (path /60679695)
    (attr smd)
    (fp_text reference C12 (at 0.6315 -1.68 90) (layer F.SilkS)
      (effects (font (size 1 1) (thickness 0.15)))
    )
    (fp_text value 10nF (at 0 1.68 90) (layer F.Fab)
      (effects (font (size 1 1) (thickness 0.15)))
    )
    (fp_line (start -1 0.625) (end -1 -0.625) (layer F.Fab) (width 0.1))
    (fp_line (start -1 -0.625) (end 1 -0.625) (layer F.Fab) (width 0.1))
    (fp_line (start 1 -0.625) (end 1 0.625) (layer F.Fab) (width 0.1))
    (fp_line (start 1 0.625) (end -1 0.625) (layer F.Fab) (width 0.1))
    (fp_line (start -0.261252 -0.735) (end 0.261252 -0.735) (layer F.SilkS) (width 0.12))
    (fp_line (start -0.261252 0.735) (end 0.261252 0.735) (layer F.SilkS) (width 0.12))
    (fp_line (start -1.88 0.98) (end -1.88 -0.98) (layer F.CrtYd) (width 0.05))
    (fp_line (start -1.88 -0.98) (end 1.88 -0.98) (layer F.CrtYd) (width 0.05))
    (fp_line (start 1.88 -0.98) (end 1.88 0.98) (layer F.CrtYd) (width 0.05))
    (fp_line (start 1.88 0.98) (end -1.88 0.98) (layer F.CrtYd) (width 0.05))
    (fp_text user %R (at 0 0 90) (layer F.Fab)
      (effects (font (size 0.5 0.5) (thickness 0.08)))
    )
    (pad 1 smd roundrect (at -1.0375 0 270) (size 1.175 1.45) (layers F.Cu F.Paste F.Mask) (roundrect_rratio 0.212766)
      (net 7 "Net-(C12-Pad1)"))
    (pad 2 smd roundrect (at 1.0375 0 270) (size 1.175 1.45) (layers F.Cu F.Paste F.Mask) (roundrect_rratio 0.212766)
      (net 2 GND))
    (model ${KISYS3DMOD}/Capacitor_SMD.3dshapes/C_0805_2012Metric.wrl
      (at (xyz 0 0 0))
      (scale (xyz 1 1 1))
      (rotate (xyz 0 0 0))
    )
  )

  (module Capacitor_SMD:C_0805_2012Metric_Pad1.18x1.45mm_HandSolder (layer F.Cu) (tedit 5F68FEEF) (tstamp 60222628)
    (at 86 85.75 270)
    (descr "Capacitor SMD 0805 (2012 Metric), square (rectangular) end terminal, IPC_7351 nominal with elongated pad for handsoldering. (Body size source: IPC-SM-782 page 76, https://www.pcb-3d.com/wordpress/wp-content/uploads/ipc-sm-782a_amendment_1_and_2.pdf, https://docs.google.com/spreadsheets/d/1BsfQQcO9C6DZCsRaXUlFlo91Tg2WpOkGARC1WS5S8t0/edit?usp=sharing), generated with kicad-footprint-generator")
    (tags "capacitor handsolder")
    (path /6000CC51)
    (attr smd)
    (fp_text reference C13 (at 0 -1.68 90) (layer F.SilkS)
      (effects (font (size 1 1) (thickness 0.15)))
    )
    (fp_text value 22uF (at 0 1.68 90) (layer F.Fab)
      (effects (font (size 1 1) (thickness 0.15)))
    )
    (fp_line (start 1.88 0.98) (end -1.88 0.98) (layer F.CrtYd) (width 0.05))
    (fp_line (start 1.88 -0.98) (end 1.88 0.98) (layer F.CrtYd) (width 0.05))
    (fp_line (start -1.88 -0.98) (end 1.88 -0.98) (layer F.CrtYd) (width 0.05))
    (fp_line (start -1.88 0.98) (end -1.88 -0.98) (layer F.CrtYd) (width 0.05))
    (fp_line (start -0.261252 0.735) (end 0.261252 0.735) (layer F.SilkS) (width 0.12))
    (fp_line (start -0.261252 -0.735) (end 0.261252 -0.735) (layer F.SilkS) (width 0.12))
    (fp_line (start 1 0.625) (end -1 0.625) (layer F.Fab) (width 0.1))
    (fp_line (start 1 -0.625) (end 1 0.625) (layer F.Fab) (width 0.1))
    (fp_line (start -1 -0.625) (end 1 -0.625) (layer F.Fab) (width 0.1))
    (fp_line (start -1 0.625) (end -1 -0.625) (layer F.Fab) (width 0.1))
    (fp_text user %R (at 0 0 90) (layer F.Fab)
      (effects (font (size 0.5 0.5) (thickness 0.08)))
    )
    (pad 2 smd roundrect (at 1.0375 0 270) (size 1.175 1.45) (layers F.Cu F.Paste F.Mask) (roundrect_rratio 0.212766)
      (net 2 GND))
    (pad 1 smd roundrect (at -1.0375 0 270) (size 1.175 1.45) (layers F.Cu F.Paste F.Mask) (roundrect_rratio 0.212766)
      (net 8 Primary5V))
    (model ${KISYS3DMOD}/Capacitor_SMD.3dshapes/C_0805_2012Metric.wrl
      (at (xyz 0 0 0))
      (scale (xyz 1 1 1))
      (rotate (xyz 0 0 0))
    )
  )

  (module Capacitor_SMD:C_0805_2012Metric_Pad1.18x1.45mm_HandSolder (layer F.Cu) (tedit 5F68FEEF) (tstamp 60222639)
    (at 86.25 51.9625 270)
